#ra	dec	p	perr	pra	praerr	pdec	pdecerr	rv	rverr	G	Gerr	B	Berr	R	Rerr	V	Verr	spt	spterr	binaryflag	d	dm	dp
132.612838292288	-54.1316421931005	2.8456	0.0237	-13.069	0.048	9.988	0.051	18.74	1.24	10.546618	0.0018376686809442283	10.713498	0.0015179248934905627	10.281839	0.001965412821017273	10.50055400749	0.0014809519169855356	nan	nan	nan	347.92257030926	2.8677817411389697	2.9149858872750087
132.84101228786702	-54.1050696806422	2.8151	0.0692	-12.796	0.128	9.919	0.153	nan	nan	16.695831	0.002206971771332486	18.045935	0.012127135611608117	15.548621	0.003985476769995575	17.78157685454	0.011825707270941545	nan	nan	nan	351.990153659647	8.442905314595976	8.86056302203201
132.486694952517	-54.20948434233071	2.7043	0.0743	-11.967	0.142	9.737	0.143	nan	nan	16.921457	0.00250399069985002	18.566912	0.017811720853552357	15.660177	0.0037770749579130462	18.292363365849997	0.017368641551516555	nan	nan	nan	366.352242812933	9.788095282080008	10.330533541424984
134.140350795299	-54.248321277734405	2.6717	0.015	-12.853	0.027	9.325	0.027	nan	nan	13.541837	0.0018383641222502987	13.992254	0.0021022747729042912	12.947472	0.0022765353981187572	13.764049376020003	0.002050732119248012	nan	nan	nan	370.294235443356	2.054293269814025	2.076929756819993
132.329853249218	-55.0305433867074	3.1193	0.0134	-13.784	0.026	10.978	0.029	nan	nan	13.477808	0.0022098147292090088	13.96508	0.004852476331945733	12.842099	0.004018220516375309	13.734929002910002	0.004732755066592323	nan	nan	nan	317.638533299652	1.3536952134400053	1.3651247641419673
133.568686708212	-55.150567851352804	3.1069	0.076	-13.948	0.139	11.336	0.13	nan	nan	16.323185	0.0024727262190457023	17.871532	0.020598793851022593	15.103831	0.004598490793704648	17.60044392211	0.020086415972607147	nan	nan	nan	319.231950997947	7.621965704825016	7.99719765459696
131.341102715122	-55.022391364237194	3.1464	0.0496	-14.186	0.096	11.848	0.099	nan	nan	16.189987	0.0019891617444334334	17.401497	0.005877461283239512	15.09303	0.0025212818337872873	17.141839256369998	0.005731514834738557	nan	nan	nan	315.063043772078	4.890117123652999	5.043936866475008
134.137343196688	-55.4354272850138	2.9701	0.0231	-13.551	0.047	10.104	0.046	12.23	5.17	12.614621	0.002122451849485062	12.997802	0.004263109190211648	12.073864	0.0034726351662428085	12.772605183180001	0.004157898888059995	nan	nan	nan	333.469877672549	2.564839346092981	2.6041902585930075
133.361621765625	-55.74125753242551	3.1545	0.0383	-14.026	0.091	11.536	0.083	nan	nan	15.797696	0.002175656929310284	16.943205	0.006548436040089074	14.731932	0.0033868804141849477	16.68596641503	0.006386001895595347	nan	nan	nan	314.205234491483	3.762314265124985	3.852957275710992
133.657815377364	-55.917466919999505	3.1705	0.0401	-14.18	0.08	11.515	0.074	nan	nan	16.023914	0.0034862025699600716	17.23812	0.016219422734316737	14.923194	0.0073733667917982425	16.978301491859998	0.015816786052959848	nan	nan	nan	312.642621620506	3.8976345263880035	3.9954990748630053
135.96951264941004	-56.37872866741499	2.9199	0.1044	-13.381	0.239	9.396	0.201	nan	nan	17.771137	0.0030305788394623507	19.323431	0.035292672466468576	16.464773	0.0061139345093187145	19.05007900238	0.034414574299204886	nan	nan	nan	339.902258661776	11.74714103303296	12.60343354845702
135.412604692007	-54.919594924532504	3.1161	0.1296	-13.91	0.269	10.362	0.261	nan	nan	17.90393	0.002597203679650691	19.46157	0.027560172838250584	16.58032	0.005514955908822939	19.187655687499998	0.026874550698846783	nan	nan	nan	318.965447811197	12.779137921343988	13.87198772660497
136.848797858544	-54.2080619567099	2.8914	0.109	-13.864	0.228	9.486	0.208	nan	nan	17.687338	0.002248585480733123	19.31445	0.03760066207781313	16.4343	0.0044046169843991005	19.0405630665	0.03666494550136424	nan	nan	nan	343.300232953271	12.492983022917997	13.455650183688022
132.284733469248	-53.560355282542	2.7567	0.144	-13.683	0.27	9.5	0.279	nan	nan	18.019342	0.0024446568094712777	19.604197	0.07340970637492726	16.557997	0.017646679536075287	19.326177081999997	0.07158388630136513	nan	nan	nan	360.749167140157	18.274856245220008	20.298363751630006
132.718450920548	-53.378337889039	2.7092	0.1166	-13.24	0.226	9.763	0.22	nan	nan	17.51948	0.0023989099347755246	19.270384	0.03869215164924853	16.217213	0.006011455670478061	18.99219057381	0.03772940068332401	nan	nan	nan	366.421259726148	15.153341904625961	16.49467664523803
130.71414481553	-52.533934218549305	2.8406	0.121	-13.605	0.23	10.645	0.181	nan	nan	17.105621	0.003259135860177673	17.605942	0.06496197223044047	15.733422	0.020133230892778606	17.357134977199998	0.06334705084882651	nan	nan	nan	349.616625869677	14.31966622572304	15.573958088982977
128.784402710168	-52.516818164451294	3.0258	0.1049	-13.622	0.199	12.082	0.246	nan	nan	17.24528	0.002600589554648537	18.81376	0.029139596837255796	16.019161	0.004474853577336671	18.542002430889998	0.0284145305643881	nan	nan	nan	328.059729722096	11.00950369156999	11.787090675059005
129.302379913872	-51.57412361438881	3.1015	0.1205	-13.924	0.256	9.689	0.28	nan	nan	17.76076	0.0023436005911866404	19.390697	0.04419797900872855	16.477306	0.005265820971540135	19.115982698009997	0.04309809060553515	nan	nan	nan	320.310382945445	12.008549950622978	12.964117962882995
126.97853033192801	-51.5753861122919	2.8603	0.1166	-12.867	0.244	11.267	0.223	nan	nan	17.660337	0.0021947039804734035	19.205883	0.036052404243607006	16.420612	0.005265476646341312	18.93435760481	0.035155304192061615	nan	nan	nan	347.13705747758	13.628196665863015	14.768130026947972
127.676679327999	-51.3303450469891	2.8098	0.133	-12.891	0.249	10.858	0.21	nan	nan	17.673258	0.002812756415800979	nan	nan	nan	nan	nan	nan	nan	nan	nan	307.342511787536	16.91953056567803	18.975860607996992
126.960849759263	-50.8097600586281	2.6817	0.1135	-12.613	0.223	10.2	0.187	nan	nan	17.634064	0.004601142051647975	19.282598	0.042565326819088374	16.35356	0.013776848835155427	19.00749424418	0.0415072922889389	nan	nan	nan	370.081264734146	15.060770529200965	16.370722461584023
126.13189132132301	-50.6503087385132	2.9258	0.1474	-12.951	0.286	10.697	0.312	nan	nan	18.20314	0.002531731380106043	19.731792	0.03919586645258041	16.907457	0.006481965972500078	19.459294301849997	0.03822062185253956	nan	nan	nan	339.976314338892	16.640395876211983	18.413770608796995
128.84850659409602	-49.749665790194506	2.8398	0.1393	-11.829	0.257	10.001	0.246	nan	nan	18.08754	0.0026497294728114835	19.778803	0.04225821947661175	16.79153	0.007422663585714229	19.502249775030002	0.04120682655785726	nan	nan	nan	350.085631518438	16.68843475599897	18.415606537569033
127.250990172376	-49.6911673143258	2.7349	0.1421	-12.759	0.238	9.827	0.227	nan	nan	17.67561	0.0030171530463147613	19.190737	0.05766258845863758	16.396088	0.009614686178273522	18.91897818639	0.05622787589277922	nan	nan	nan	363.558671823589	18.311154987275017	20.32558641880098
127.40060102414502	-49.57726878238769	2.7452	0.115	-12.701	0.186	9.63	0.223	nan	nan	17.293238	0.00228601043402959	18.640676	0.017157423703650265	16.06191	0.005191034495818775	18.37429051426	0.0167308743299197	nan	nan	nan	361.592153771588	14.572589705056998	15.826722134409977
127.37394349333398	-49.380559795727905	2.8939	0.1135	-12.237	0.207	9.508	0.201	nan	nan	17.491785	0.002277613335999084	19.011162	0.035835056994893394	16.242695	0.0051345323576873535	18.740054856369998	0.03494335612613622	nan	nan	nan	343.076227357426	12.969130863329951	14.010406612281031
131.405473614279	-50.907504119044795	2.9679	0.1137	-13.751	0.228	9.379	0.242	nan	nan	17.79734	0.0024043515955187345	19.170893	0.05434439710680659	16.484444	0.008257926271794556	18.90182728439	0.052992163676114375	nan	nan	nan	334.559279333617	12.365897519295004	13.334890239374033
126.097166060907	-49.8894789270606	3.045	0.1075	-13.481	0.188	11.102	0.228	nan	nan	17.299547	0.002162482359891625	19.052935	0.018486478564179832	16.009556	0.00478768763113241	18.77498529669	0.01802674398812539	nan	nan	nan	326.041804770325	11.138839952480964	11.940768598725015
125.20459227943299	-48.52544735387781	2.9906	0.1183	-12.905	0.189	10.443	0.175	nan	nan	17.608885	0.0029112410419215216	19.156006	0.05421245881887582	16.346928	0.005177447331518692	18.88388804858	0.052863267790527683	nan	nan	nan	332.101362416398	12.663471747105973	13.689798166444007
125.756036999077	-48.0337392779462	2.7862	0.1295	-12.621	0.224	9.259	0.301	nan	nan	17.870903	0.0023876033012106323	19.371775	0.05187719289898461	16.604706	0.006303251474266778	19.100702652589998	0.05058621285419102	nan	nan	nan	356.594536270173	15.891642161432003	17.418238589012958
123.566574969617	-47.59638106771781	2.8873	0.1111	-11.568	0.226	11.086	0.173	nan	nan	17.277058	0.0035732567689766024	nan	nan	nan	nan	nan	nan	nan	nan	nan	343.808678784451	12.759995270416994	13.764315995832987
131.70869789766897	-54.131995591177905	3.0985	0.0275	-13.647	0.055	11.135	0.049	nan	nan	15.302512	0.0021194357557761116	16.266472	0.005300874920915652	14.317109	0.0038258264594856575	16.01575235493	0.005169813210222333	nan	nan	nan	319.794555717806	2.8098078225229983	2.859162350270992
136.059056520592	-55.9051794743223	2.8683	0.0254	-13.495	0.055	9.533	0.043	11.61	1.31	12.733942	0.0020556837048554787	13.102935	0.004412777269828213	12.208945	0.0037420831955508197	12.878483588900002	0.004303951173172524	nan	nan	nan	345.195190765072	3.0178162079230333	3.0705546620199584
127.41740671689202	-49.8849543831803	2.7714	0.0398	-12.639	0.071	9.833	0.077	nan	nan	16.024298	0.0022261798247149604	17.171047	0.008964455194309892	14.941272	0.004001407229552311	16.91334790025	0.00874189725797037	nan	nan	nan	357.223953802843	5.0525196671130175	5.196938351297945
129.88208959850704	-52.1723052050116	2.68	0.0722	-13.07	0.132	9.435	0.125	nan	nan	14.883628	0.002687519113826226	15.904115	0.010394133871376762	13.867408	0.005985608312152979	15.65122136277	0.010136518770636701	nan	nan	nan	369.62063980511	9.681648238593993	10.20707435405302
130.89530886917802	-54.436713119324395	3.1363	0.0908	-13.623	0.205	11.872	0.196	nan	nan	17.42889	0.0022375248081674868	19.005583	0.03127568365357887	16.172375	0.0046496699235046264	18.73286445288	0.030497451472132762	nan	nan	nan	316.411161583502	8.912755575057986	9.435103029032007
129.084809861836	-53.63349685760391	2.7011	0.0236	-11.546	0.045	10.323	0.044	nan	nan	11.996346	0.0018334260489929004	12.293492	0.002019778792082646	11.551926	0.002179908523719307	12.072834422260001	0.001970253731802933	nan	nan	nan	366.335018751883	3.1688155700319953	3.223597861882979
129.772552343526	-53.18872945442781	3.1655	0.0864	-13.442	0.172	11.643	0.133	nan	nan	16.808302	0.0022937823343479884	18.05917	0.04355494485813615	15.566015	0.007905999065093167	17.794915372050003	0.042471318149454707	nan	nan	nan	313.466652592988	8.338403706326005	8.79836885576401
131.196480661935	-52.8859174187938	3.0157	0.0518	-13.649	0.116	9.977	0.107	nan	nan	16.255104	0.0023167781829595666	17.490591	0.01453333497261099	15.1422	0.00436969933335409	17.229939548009998	0.014172017612453808	nan	nan	nan	328.612644837378	5.5445944984920175	5.7347143605269935
130.914234247959	-52.815888756269494	2.7296	0.0856	-13.149	0.175	9.421	0.186	nan	nan	17.35161	0.0031885280050453486	18.821154	0.029142201702102955	16.11429	0.0069117915063941614	18.551580155039996	0.028417373041939056	nan	nan	nan	363.137594926429	11.041989898119994	11.74386927945801
131.146845317936	-52.56989984310311	2.8924	0.02	-13.547	0.032	9.729	0.033	nan	nan	13.017898	0.002500923953261283	13.428164	0.005987205006912759	12.447847	0.004659458101452402	13.20156390987	0.00583933525564163	nan	nan	nan	342.329318746375	2.3468295065650295	2.3788688261889774
130.91503769063	-52.3679533436231	2.8562	0.0647	-13.269	0.166	9.861	0.132	nan	nan	16.598164	0.0020686319094494186	17.573963	0.04114341119205303	15.35925	0.013239496698723676	17.31663879343	0.0401207050106537	nan	nan	nan	346.918975856305	7.676709655478021	8.025693558886019
131.501242814605	-52.6321008765319	2.8446	0.0619	-13.664	0.116	9.497	0.111	nan	nan	16.557077	0.0020413997942833884	17.855972	0.012505895856188352	15.4189	0.0037791246745394486	17.59311327792	0.012194986874981772	nan	nan	nan	348.296040771515	7.413492666345007	7.737101328990036
130.307426139358	-52.4484802855747	3.1456	0.0265	-13.423	0.052	11.582	0.064	19.88	2.09	12.239229	0.0019261034835577322	12.588588	0.0025595553772048522	11.744963	0.002755356568351456	12.365390173749999	0.0024967900968296585	nan	nan	nan	315.040721711871	2.6320378707960117	2.6759602536739635
130.258227493298	-52.4526962135243	3.1501	0.0271	-13.354	0.056	11.616	0.062	nan	nan	11.105612	0.0018304076112795552	11.355187	0.0018562237888983953	10.721748	0.002148471121990718	11.137220703290001	0.0018108121479268754	nan	nan	nan	314.595888777901	2.681820418954999	2.7275000805869922
130.202090808024	-52.40640512197142	2.8108	0.0597	-13.364	0.118	10.073	0.139	nan	nan	16.66635	0.0024705044631821234	18.02628	0.015490054098796	15.501314	0.006532966675456387	17.76123359626	0.015105381880988557	nan	nan	nan	352.426542564886	7.321287145237022	7.632866108872975
130.37213687440203	-52.356831269889	3.1604	0.0508	-13.461	0.097	11.866	0.111	nan	nan	16.469297	0.002049171658430844	17.81713	0.013213945953561552	15.301879	0.003617814755272222	17.55232540261	0.012885365483904314	nan	nan	nan	313.685532957953	4.954714681560006	5.113407408690023
130.36603746161703	-52.23757697569871	3.1272	0.0795	-13.11	0.158	11.431	0.173	nan	nan	16.746054	0.002102882043211399	18.372568	0.013805436662606895	15.49522	0.0038680324978744864	18.09875080828	0.01346216360736456	nan	nan	nan	317.206785881256	7.868473847765017	8.271702833930988
130.968812260495	-51.80432785909801	2.7905	0.0321	-13.343	0.059	9.564	0.057	nan	nan	15.307779	0.002185800271907363	16.239857	0.005419216779617514	14.348258	0.003972936103790737	15.99057510089	0.005285257629629692	nan	nan	nan	354.759272803055	4.02212489232403	4.113758240034997
128.853806204311	-52.6173178984959	3.1669	0.0311	-13.666	0.062	11.025	0.06	nan	nan	15.07358	0.002169204560096182	15.986673	0.006515206983961832	14.124892	0.003832045542895305	15.738133270910001	0.006353759419157357	nan	nan	nan	312.95453078443	3.0369596474409946	3.095985588375015
128.314929608787	-52.309276096774	3.031	0.0642	-13.222	0.119	11.415	0.13	nan	nan	16.450872	0.0021739312899620804	17.799232	0.011965272356986937	15.291611	0.0037426362661671926	17.53461731331	0.011667828598686963	nan	nan	nan	327.063730740219	6.776582467416006	7.064191837351984
129.678789296143	-52.3620791970662	2.8436	0.0148	-13.248	0.028	9.627	0.028	nan	nan	14.129211	0.0026197338957407927	14.740025	0.007674784330835729	13.361122	0.006443531128927679	14.50350410433	0.007485477244979733	nan	nan	nan	348.133101684138	1.7973591145849923	1.8157762733490017
129.579945395469	-52.22234929159121	2.848	0.0614	-13.417	0.119	9.567	0.106	nan	nan	16.365053	0.00221393978455764	17.639542	0.00865216015898713	15.180524	0.0035740573335105576	17.376137041979998	0.00843727687076668	nan	nan	nan	347.874100436673	7.335846596336012	7.652965883463992
129.715475675084	-52.16262253472	2.7154	0.0379	-13.093	0.075	9.57	0.069	nan	nan	9.213208	0.0018355405430579075	9.250952	0.0018876020820507414	9.175844	0.003192224314102642	9.04688256188	0.0018423337828488127	nan	nan	nan	364.500191479709	5.007084004711999	5.145970628798011
130.42555667974804	-52.105640210899395	2.9763	0.1034	-13.401	0.229	9.701	0.24	nan	nan	17.502304	0.0023038759728776946	18.311161	0.04796515399145651	16.10894	0.012486142365596187	18.05414771931	0.04677233381349484	nan	nan	nan	341.918628894107	2.569394456094983	2.6078957782080465
129.766763291111	-52.04821376568421	2.9405	0.091	-13.712	0.189	10.24	0.192	nan	nan	17.136465	0.0023888764591141393	18.665565	0.02275776874352952	15.882193	0.005816203000202224	18.394086870920002	0.022191800063211947	nan	nan	nan	337.340733337782	10.135078470898009	10.771131146522976
129.96654351284	-51.921453214662904	2.9314	0.0371	-13.127	0.072	9.77	0.073	nan	nan	12.296088	0.0021234944817618267	12.728301	0.004091632208254185	11.714375	0.00368800829178309	12.50086438186	0.0039908473172532415	nan	nan	nan	337.885606559745	4.213043788084974	4.31884571180899
129.965211523599	-51.904589321635	2.6779	0.0863	-12.669	0.154	10.048	0.178	nan	nan	16.790623	0.0021314273690825926	18.411108	0.028729488539479164	15.510917	0.00553625259489418	18.13672224601	0.028014750466524952	nan	nan	nan	370.108192968779	11.553983163013982	12.309282107309969
130.051611068688	-51.931324569598004	2.7601	0.0953	-13.132	0.154	9.72	0.198	nan	nan	16.958006	0.002375552867620535	18.55229	0.030455779219391733	15.6838	0.005320873244109303	18.278693283899997	0.0296980301723717	nan	nan	nan	359.302892408329	11.997032746569005	12.839763181623027
130.238190284245	-51.75024091583481	2.8133	0.059	-12.913	0.112	9.828	0.127	nan	nan	16.322851	0.0023669262346471655	17.514881	0.012004831847851375	15.200838	0.00460655231216738	17.25508446973	0.011706593085672349	nan	nan	nan	352.099657253957	7.222670355731964	7.526029322185991
129.371584657561	-51.9805169801997	2.7836	0.0983	-13.283	0.204	9.932	0.229	nan	nan	17.305151	0.0022365698055823915	18.679983	0.022391126851308354	16.039595	0.0052441300534327	18.41206374268	0.021834201855463933	nan	nan	nan	356.334343725461	12.167454280316974	13.042938506203996
129.821342417415	-51.8321709652425	2.7854	0.0256	-12.531	0.05	9.635	0.045	nan	nan	15.099017	0.0022655931882726204	15.937206	0.008417173603894493	14.198031	0.003932312640655786	15.69171793425	0.0082082537062117	nan	nan	nan	355.37487702682	3.230413758025975	3.289154387337021
129.927786265417	-51.55554918364861	2.827	0.0298	-13.364	0.055	9.627	0.064	nan	nan	15.338517	0.0025951362639833036	16.25631	0.00788162492579568	14.38458	0.005720189527390019	16.0075226403	0.007686769944950641	nan	nan	nan	350.210510897349	3.6458825080970314	3.7220096669929603
129.560090159258	-51.7309869640456	2.7655	0.0633	-11.779	0.13	10.845	0.127	nan	nan	16.853725	0.0021899710916890654	18.446024	0.012973863900553875	15.604071	0.0036541347944044475	18.173087789830003	0.012651271362277738	nan	nan	nan	358.177651249283	7.999736314784968	8.366951122141018
129.41355942765	-51.63940675313431	2.7326	0.0253	-12.182	0.051	10.289	0.054	nan	nan	10.364985	0.0018550497476130033	10.50822	0.001720960654298953	10.14032	0.0021786204775984253	10.296862969	0.001679001824573513	nan	nan	nan	362.1600538359	3.310891472732976	3.3714455655820075
129.754995765031	-51.59669386873829	2.8095	0.0386	-13.116	0.077	9.546	0.083	nan	nan	16.172937	0.002151247947711704	17.345366	0.010497747160454996	15.076694	0.005634740770688364	17.08669875392	0.010237418955288837	nan	nan	nan	352.416134708046	4.770210491204978	4.90053632959399
129.80565277296103	-51.305584578430604	2.7601	0.026	-13.08	0.048	9.723	0.051	25.91	5.39	10.735207	0.0018366010257728012	10.926674	0.0019244932790716146	10.434858	0.0020496485318909265	10.712232699760001	0.0018772859527886566	nan	nan	nan	358.590158615275	3.3353962286699925	3.3974816734229876
128.872572894747	-51.8151468198435	2.9806	0.267	-13.148	0.514	9.885	0.855	nan	nan	18.4148	0.0048277073231900594	18.44386	0.15078386365491397	16.76829	0.04272724996319965	18.1999550627	0.14703469934382693	nan	nan	nan	359.138266216697	4.593516263471997	4.711924630676037
129.068341739981	-51.5069086849284	2.8518	0.0248	-12.741	0.048	9.674	0.047	nan	nan	15.163075	0.0023011107407660968	16.049658	0.0069467193139474736	14.227185	0.004086456493517317	15.802096647030003	0.006774579052285862	nan	nan	nan	347.174148558876	2.9910606517080396	3.0425595663359672
129.380994887085	-51.43314295578969	2.8055	0.0929	-12.321	0.152	9.669	0.186	nan	nan	17.033709	0.0033468774756764815	18.59217	0.023997112263431677	15.785351	0.007286522661858172	18.32010827509	0.023400526954680353	nan	nan	nan	353.488662182335	11.335321040238	12.097866377272965
129.608354805932	-51.357507027987	3.0316	0.065	-13.098	0.123	11.493	0.131	nan	nan	16.79922	0.0030065575512079872	18.249374	0.016104887412156585	15.601871	0.0049650160820566645	17.98127765033	0.015704522995967217	nan	nan	nan	327.002432376882	6.8602044665009885	7.155170069536041
129.699455237184	-51.1580680477405	2.7665	0.0789	-12.511	0.154	10.179	0.16	nan	nan	16.854301	0.002170407077602123	18.293005	0.027240830147077035	15.447128	0.015706919181947776	18.01997112147	0.026565682649481046	nan	nan	nan	358.230716989489	9.92695897134098	10.498736333138027
129.211543592472	-51.193760061400596	2.6738	0.0271	-12.33	0.048	9.478	0.043	nan	nan	12.178982	0.0018500376183215306	12.490326	0.0022414001257854105	11.717278	0.0022605464937920606	12.26888483528	0.0021863357819888922	nan	nan	nan	370.052682214482	3.7044169024609914	3.7787340359969903
129.207861556242	-51.19314295508399	2.8066	0.0608	-12.411	0.105	9.665	0.095	nan	nan	16.462137	0.0021558884569974116	17.65672	0.012539757210505126	15.33483	0.004875201947788651	17.396728157899997	0.012228244729913405	nan	nan	nan	352.953257043125	7.469484079031986	7.79358093961099
128.665390033358	-51.18749065293841	2.7326	0.0713	-12.904	0.126	10.24	0.14	nan	nan	16.81496	0.0023051714681879385	18.26333	0.020311834358052464	15.603428	0.004129523583452557	17.99492503922	0.01980653949535544	nan	nan	nan	362.547304596582	9.210957786866004	9.695014809672955
128.66508705140004	-51.190206347853795	2.8151	0.0845	-12.452	0.152	10.345	0.168	nan	nan	16.911478	0.0022338953787002084	18.444485	0.023504706888357912	15.670188	0.005610822538201932	18.17323274767	0.022920100195519738	nan	nan	nan	352.172181092686	10.268550673612992	10.892788317530972
128.234284244032	-51.3110910856844	2.6947	0.0542	-11.659	0.112	10.051	0.131	nan	nan	16.35242	0.002307688761256039	17.570347	0.007202568870446566	15.238737	0.0035292462549373327	17.3101132271	0.007023846251637674	nan	nan	nan	367.411308348873	7.229733118331978	7.520514416779008
128.81043558465	-50.95231024621381	2.7687	0.0925	-12.879	0.186	9.868	0.194	nan	nan	17.234024	0.002476109761322641	18.768152	0.023212337679728377	16.009243	0.004434557866914512	18.49728275499	0.022634851714510858	nan	nan	nan	358.143429828236	11.586428228854004	12.373251873432025
129.012883806509	-50.775241699189216	2.7005	0.0757	-12.564	0.152	9.866	0.142	nan	nan	16.860695	0.0022780492303473166	18.26789	0.016817561129543142	15.650147	0.004971450825343224	18.000534376730002	0.016399438867897475	nan	nan	nan	366.885493633943	10.000177302265968	10.56618774991
127.795341670268	-51.175468135417105	2.737	0.0592	-12.658	0.109	10.111	0.108	nan	nan	16.535666	0.00249843013697765	17.840584	0.017882081699668977	15.379338	0.005732711430244193	17.577123587059997	0.017437580482015796	nan	nan	nan	361.83478058976	7.649771438824985	7.981342734375005
127.430849649883	-51.115534164881105	2.8558	0.0835	-12.734	0.166	10.401	0.152	nan	nan	17.308126	0.0021341117520740148	18.847971	0.02617702342017029	16.051153	0.004897455243257445	18.57615819998	0.02552576836849965	nan	nan	nan	347.174100589751	9.858109776830986	10.440784165628997
126.87694898066	-50.76475088435609	2.7779	0.0341	-11.891	0.06	11.11	0.053	nan	nan	15.551225	0.0024884080440597573	16.542627	0.01387944818338077	14.551922	0.004899298227385725	16.29087835255	0.013534538072899734	nan	nan	nan	356.361508855591	4.313515800559003	4.418596129313983
127.01974370462	-50.452594319377	2.9316	0.0985	-12.037	0.179	11.008	0.171	nan	nan	17.34152	0.0026494041356589153	18.809467	0.0231811514469696	16.105587	0.006962810732950059	18.5399674268	0.022604836932929397	nan	nan	nan	338.452017462362	11.016716087085968	11.769779168336981
126.58152620333301	-50.449837337213	2.805	0.0357	-12.325	0.075	9.995	0.065	nan	nan	15.902529	0.002567546875310758	16.993729	0.009519349870915177	14.853391	0.00535102664905423	16.738255987179997	0.009283368708810996	nan	nan	nan	352.95583753398	4.428751890587023	4.540691029789002
127.03398170026301	-50.3458042663974	2.8765	0.0574	-11.907	0.1	10.341	0.093	nan	nan	16.510532	0.002087855897287405	17.817442	0.010753534882644175	15.372842	0.003500183754863129	17.554395906	0.010486241299874504	nan	nan	nan	344.414676918003	6.7250650925209925	6.993384382815975
126.596944814596	-50.12753675953051	3.0312	0.0736	-12.669	0.14	12.078	0.149	nan	nan	17.193275	0.0023765847137834028	18.65729	0.013713759893587682	15.951049	0.008361473877355828	18.38773166151	0.013374043790782728	nan	nan	nan	327.123520253287	7.751486394464962	8.130068749412033
128.394465865876	-50.9443149327717	3.1086	0.0305	-14.213	0.06	10.571	0.054	nan	nan	15.353443	0.0021372490654926503	16.360144	0.00524054532981541	14.349021	0.003266340605509369	16.107887148529997	0.005110754830208276	nan	nan	nan	318.774893768712	3.0947388858639897	3.1549135202400294
128.80181545648404	-50.4256202970466	2.7943	0.0305	-12.578	0.057	9.821	0.049	nan	nan	15.126144	0.002219628199489614	16.022736	0.0056183371249080285	14.188062	0.004318638244336739	15.77487096414	0.005479551125660359	nan	nan	nan	354.272594797533	3.8155866069439526	3.8980693944470204
128.41058005560802	-50.531888852129505	2.7601	0.0204	-12.538	0.039	9.758	0.031	nan	nan	14.144106	0.0019467050467940504	14.744483	0.002917299351771458	13.41804	0.0028089092464861996	14.509267833730002	0.002845546774618291	nan	nan	nan	358.573566485361	2.6282649781930445	2.6666653874889903
127.56567878824602	-50.5514744021363	2.7536	0.0224	-11.713	0.043	10.032	0.041	nan	nan	14.627775	0.00229347425595417	15.299215	0.008451363685940067	13.787015	0.009079646506768476	15.059376342000002	0.008244107345365403	nan	nan	nan	360.256970938219	8.767761541407992	9.208159125044006
127.565896167673	-50.55208976523251	2.7536	0.0224	-11.713	0.043	10.032	0.041	nan	nan	14.627775	0.00229347425595417	15.299215	0.008451363685940067	13.787015	0.009079646506768476	15.059376342000002	0.008244107345365403	nan	nan	nan	359.412427117647	2.896459658997969	2.943055995775012
127.68873755985102	-50.3402816493313	2.8407	0.03	-11.428	0.055	10.683	0.052	nan	nan	15.310082	0.0027741783145992295	16.19403	0.009594369562077204	14.379652	0.0056038175926021085	15.946670131580001	0.009356605369085835	nan	nan	nan	348.541659778298	3.6338691432850396	3.7098598877149698
127.27550684728598	-50.3199762989905	2.7162	0.0634	-11.548	0.104	10.467	0.111	nan	nan	16.5556	0.00209071759160291	17.962147	0.013428704417059227	15.358239	0.003827103564221264	17.69513572988	0.01309481043501258	nan	nan	nan	364.62023623963	8.304952812508986	8.694086629735011
127.650806257043	-50.1758656814877	2.8368	0.0242	-12.736	0.044	9.655	0.044	nan	nan	14.374986	0.0028021698338404548	15.024503	0.007748349665813796	13.602127	0.007345950340484073	14.786900061359999	0.007557705264330112	nan	nan	nan	348.984681016082	2.9493940678449917	2.9991919792660156
127.447668441057	-50.0808109139144	2.8507	0.0169	-12.039	0.029	10.611	0.031	nan	nan	13.459968	0.0025239813487175477	13.935443	0.006946631189448117	12.827092	0.005382538746706067	13.705656143610002	0.0067750542582797335	nan	nan	nan	347.27928274876	2.0398188222370095	2.0636320012649776
127.065248513618	-49.9687475080353	2.9458	0.0664	-12.036	0.123	10.259	0.118	nan	nan	17.042555	0.0029621255266208332	18.296627	0.024432020054046783	15.763836	0.008408453516652526	18.03138583201	0.023824826318656147	nan	nan	nan	336.466772216238	7.412732762436008	7.748168692269019
127.06323305212798	-49.897158883969105	2.8933	0.0322	-12.705	0.05	10.063	0.048	19.13	3.23	12.401857	0.0018433446254613754	12.751525	0.002197947552723428	11.901059	0.002357175545767657	12.528156901260003	0.002144043519500968	nan	nan	nan	342.273124252752	3.764234243798967	3.847364406514032
127.305506475905	-49.67262719099091	2.8335	0.0298	-11.548	0.055	10.801	0.048	nan	nan	15.136894	0.0023164260450287046	16.00007	0.009654918500630756	14.20654	0.005655890234875898	15.753229038300002	0.009415660014062048	nan	nan	nan	349.417509019377	3.6246328190289887	3.700040247577988
126.804096604795	-49.632521226993816	2.8387	0.0464	-11.479	0.092	10.338	0.08	nan	nan	13.342979	0.001976457131772827	13.790293	0.0029886641132968192	12.734484	0.002812864271578072	13.561813913990001	0.0029151171240770373	nan	nan	nan	348.883060427593	5.599680591400045	5.782021748847001
127.491285859011	-49.2095424774176	2.7324	0.0532	-11.769	0.103	10.138	0.112	nan	nan	16.305103	0.002023757029501719	17.393883	0.00807641554386069	15.249669	0.004278536359731442	17.138313513539998	0.007876113537163595	nan	nan	nan	362.376120484548	6.909227794398987	7.178149845814005
125.976375354054	-49.029656378863	2.7367	0.0601	-11.496	0.098	10.184	0.135	nan	nan	16.235739	0.002867663015295703	17.376219	0.013208830955317078	15.038105	0.004914765547133521	17.11582334254	0.012880644047817604	nan	nan	nan	361.887893414487	7.771126417920016	8.113486975192984
124.86147261881402	-49.16703805987331	3.1726	0.0403	-13.311	0.064	11.296	0.06	25.65	4.78	12.73154	0.002833412099843261	13.13355	0.008131272487871896	12.169914	0.00594292813363497	12.907365099960002	0.007930264771751867	nan	nan	nan	312.434134842659	3.911194195983967	4.00981664245603
126.40522868841802	-49.2137601303198	2.76	0.0281	-11.512	0.046	10.056	0.043	20.62	2.37	12.690843	0.001961867776366385	13.068382	0.003018208214987161	12.155749	0.0028374623145955152	12.84346656463	0.0029439322685822942	nan	nan	nan	358.620221193979	3.6026761698349787	3.675213184341999
126.81335517694698	-47.80273597102399	2.6901	0.0437	-11.444	0.079	10.153	0.072	nan	nan	8.52816	0.001950467362349292	8.538721	0.002355356741867444	8.531281	0.002655210441455435	8.336335818400002	0.0022976825556983863	nan	nan	nan	367.936595827749	5.862852469907011	6.052339051232991
134.94568892483804	-54.7557639133079	2.979	0.1212	-14.057	0.257	9.963	0.279	nan	nan	18.236769	0.002461256286354988	19.957047	0.04558521990221595	16.94696	0.005488398740224064	19.67992593457	0.04445081368850711	nan	nan	nan	333.458078411821	13.075917666348005	14.168341308830975
129.342655191394	-52.6509962521085	2.7962	0.065	-12.793	0.134	10.538	0.154	nan	nan	17.055016	0.0020444666940049082	18.5711	0.048824815296439186	15.770263	0.0042360758328111	18.299187167070002	0.047609682392530335	nan	nan	nan	354.292881216058	8.038888294726007	8.414050015095029
133.16140762437303	-54.30033863761741	2.9453	0.1207	-13.254	0.292	10.002	0.242	nan	nan	17.932983	0.0023529386874991793	19.554016	0.028466009882300622	16.638496	0.004065249991490041	19.2792487072	0.02775767531830316	nan	nan	nan	337.238009482836	13.312714742259004	14.433000830166009
133.158350059613	-53.667909134759995	2.6706	0.1293	-12.22	0.263	9.685	0.221	nan	nan	17.851427	0.0024857565185642866	19.457186	0.030576816669552347	16.509176	0.005993981063349692	19.1816100311	0.029816132954466015	nan	nan	nan	371.990223273043	17.499798080876985	19.284725430924027
131.36095765269204	-52.77733698402571	3.1207	0.1031	-13.597	0.182	11.483	0.186	nan	nan	17.722528	0.002232210951632962	19.374874	0.027220683963727545	16.446524	0.0052410317254611314	19.099787368499996	0.026543481691588332	nan	nan	nan	318.117527787698	10.190489788460013	10.875280079372999
129.922720525336	-53.06769081106441	2.8436	0.1051	-12.32	0.223	10.246	0.254	nan	nan	17.147017	0.0030890838767719184	18.140308	0.034988088332387556	15.44439	0.0277949471655363	17.871006600980003	0.03412424828538392	nan	nan	nan	348.975376617175	12.456891152179026	13.397009864141978
130.181858857116	-52.911494608219506	2.9845	0.1178	-14.298	0.232	10.556	0.246	nan	nan	17.897781	0.002452386916715286	18.970375	0.07804070357211408	16.588394	0.010473441335640763	18.70888749291	0.07609871696131738	nan	nan	nan	332.779641072665	12.669899531264036	13.69505217515399
130.1097819548	-52.22211562447129	2.8483	0.1102	-13.578	0.215	9.799	0.231	nan	nan	17.45132	0.002230055786003344	19.017618	0.03536496975982874	16.214144	0.006408416200302807	18.745639532139997	0.0344851045483533	nan	nan	nan	348.481891428986	13.006658562163011	14.036660166474007
130.42535116845997	-52.1045559188068	2.9763	0.1034	-13.401	0.229	9.701	0.24	nan	nan	17.502304	0.0023038759728776946	18.311161	0.04796515399145651	16.10894	0.012486142365596187	18.05414771931	0.04677233381349484	nan	nan	nan	333.477155384657	11.215439821164011	12.009404799854963
130.181481838708	-51.8878505871073	2.7365	0.1263	-12.488	0.243	10.242	0.273	nan	nan	18.06126	0.002556712474563107	19.6727	0.06177412588373779	16.77314	0.00797361510636561	19.398329951599997	0.06023689483115233	nan	nan	nan	362.982231287888	16.064195916620974	17.595625473344
129.44086009032696	-52.049866317356816	2.8362	0.1483	-12.687	0.297	10.52	0.329	nan	nan	18.113317	0.0027314765918127126	19.641989	0.06497304978806262	16.806091	0.008598780928569512	19.36920349878	0.06335623207647632	nan	nan	nan	350.736476755699	17.791766368566016	19.764727766286967
129.78069917448698	-51.71009646760971	2.7208	0.108	-12.864	0.213	9.401	0.243	nan	nan	17.773758	0.002308923600804065	19.401087	0.03432139204671769	16.512503	0.0074357887862751505	19.126990144239997	0.0334676443418543	nan	nan	nan	364.686046975981	13.941664949834035	15.074696979256998
129.553259563764	-51.7690310584648	2.7967	0.126	-12.531	0.243	9.685	0.244	nan	nan	18.03453	0.0023809140341360616	19.563105	0.04168151108828085	16.705944	0.006734476550177012	19.28979026271	0.04064440392093789	nan	nan	nan	355.190199789441	15.358624084956034	16.786000015505977
130.241339776625	-51.5157644468153	3.1361	0.1321	-13.637	0.218	10.153	0.282	nan	nan	17.946907	0.0027401962975675486	19.500286	0.056029218552175845	16.674479	0.007398937155235544	19.227751663769997	0.05463496167907942	nan	nan	nan	316.960699600828	12.851255250356985	13.96459521433303
130.1193741915	-51.361197497550506	2.8004	0.1207	-13.052	0.22	9.381	0.248	nan	nan	17.735302	0.002435661231209664	19.495777	0.045502996741932165	16.439184	0.005782847631751689	19.21749840023	0.044370660610909225	nan	nan	nan	354.608989407966	14.688629495677048	15.991110338790975
129.92243955427	-51.34346907542041	2.7681	0.1317	-12.704	0.236	9.775	0.274	nan	nan	17.983662	0.0024705225486679866	19.597198	0.055805105294587654	16.69748	0.007126269435100446	19.322824018979997	0.05441640530216303	nan	nan	nan	358.964199636737	16.619141367441046	18.28455472168997
129.175372377432	-51.5600077178036	2.7393	0.1044	-12.74	0.212	9.699	0.238	nan	nan	17.643986	0.0028214545111167316	19.294777	0.028858591011401372	16.350939	0.007226078923744697	19.019304872179998	0.0281408754483985	nan	nan	nan	362.172733563125	13.318399576556999	14.356288600745984
129.521506086258	-51.3283807809098	2.7529	0.1221	-12.791	0.228	9.263	0.287	nan	nan	17.983826	0.0027185031379545733	19.515778	0.056507478757904815	16.732868	0.006855726840831432	19.2443113701	0.0551012718319478	nan	nan	nan	360.728246084288	15.362340325246976	16.766449213582007
129.530966778795	-51.3148784059029	2.8432	0.1374	-12.736	0.259	9.696	0.296	nan	nan	17.752779	0.0027209518991366858	nan	nan	nan	nan	nan	nan	nan	nan	nan	349.631025102047	16.43842655666697	18.114009418281
129.494414231562	-51.24436626771	2.7927	0.1371	-12.771	0.237	9.581	0.281	nan	nan	17.976637	0.0023334938846471037	19.517412	0.05310706164328038	16.674726	0.00785267000552196	19.24445754546	0.051785595726664406	nan	nan	nan	355.932710516397	16.984571458586004	18.744404941479047
129.606179449509	-51.210122539778695	2.8957	0.1597	-12.514	0.3	10.024	0.303	nan	nan	18.284424	0.002841175627184523	19.82717	0.05017501133628211	16.975994	0.009164601661649792	19.554004229359997	0.048926687049268204	nan	nan	nan	343.799355011146	18.35395032561803	20.508833536668988
129.164050362129	-51.3701597870276	2.7181	0.1335	-12.307	0.229	10.059	0.279	nan	nan	18.090738	0.0028986514496991294	19.633389	0.06307189463253758	16.7733	0.008846792048699518	19.36000138479	0.06150242936055338	nan	nan	nan	365.596794093516	17.451635173888008	19.260518774047
129.15437106009503	-51.173832893930395	2.7293	0.1465	-13.019	0.238	9.841	0.299	nan	nan	17.84228	0.002630266171694275	19.484665	0.04945422785163246	16.528273	0.006074007871356612	19.20888040312	0.0482235491007875	nan	nan	nan	364.418668998869	18.93906891222798	21.096722981968014
128.216678217463	-51.191648067533706	2.8502	0.1124	-12.927	0.209	9.632	0.239	nan	nan	17.919973	0.002318262090993208	19.484888	0.02445103587319809	16.641989	0.0071738695918148	19.21192824389	0.0238431181955767	nan	nan	nan	348.2918677006	13.243391169586005	14.313424827202027
128.546283028239	-51.1971227997258	2.7773	0.1039	-13.068	0.188	9.633	0.221	nan	nan	17.678175	0.002879974541747047	19.16657	0.03228524804921631	16.42135	0.007721292521605113	18.896041474199997	0.03148225481982426	nan	nan	nan	357.232630722881	12.897561663339047	13.882931563745956
128.60487053606903	-51.103951552343915	2.6891	0.1128	-12.737	0.202	9.255	0.228	nan	nan	17.848232	0.0024600868455915774	19.339344	0.04075355589910431	16.57046	0.006603153405477976	19.06822647724	0.03973953975398274	nan	nan	nan	369.055606011614	14.888368989961975	16.17107822403301
128.671363496763	-50.8452873055924	2.7258	0.1084	-11.906	0.206	9.641	0.22	nan	nan	17.719631	0.002272676451627677	19.338228	0.03866734291016555	16.464077	0.006687521940977214	19.06449038161	0.03770528015446213	nan	nan	nan	364.028190150284	13.939012092087978	15.073806780102984
130.407378002701	-50.66593088804441	2.7665	0.1352	-12.241	0.248	9.117	0.32	nan	nan	18.131403	0.0030032103525731973	19.630493	0.06897789258808976	16.839272	0.01610669147061045	19.35881950931	0.06726222755869471	nan	nan	nan	359.247612558	17.059785460957016	18.817912361701985
126.779588363294	-50.31037050661331	2.771	0.1293	-12.652	0.246	10.089	0.23	nan	nan	17.919933	0.002622690919063737	19.621586	0.060560136908372246	16.576872	0.006628236143279015	19.34360306854	0.0590530255495153	nan	nan	nan	358.533631846186	16.030370978657004	17.575818627426997
127.001608921338	-50.23708010333001	2.8381	0.1068	-12.132	0.201	10.41	0.173	nan	nan	17.757942	0.0021722046086127974	19.413725	0.0343915738690625	16.465809	0.005074957679815449	19.13815137076	0.03353580548615152	nan	nan	nan	349.66627124836	12.701881703748995	13.678729168413042
125.90670042481901	-50.6975291191152	2.9382	0.1451	-12.13	0.287	10.719	0.31	nan	nan	18.420774	0.0026915860754368947	20.053679	0.05762683473728491	17.086996	0.011868147689892387	19.77763826013	0.056193279254245734	nan	nan	nan	338.503346165117	16.252161010425027	17.947568518227968
128.076555140406	-51.054773205025406	3.1469	0.1242	-13.541	0.228	10.815	0.266	nan	nan	18.04599	0.0028055578540809385	19.637457	0.0714209408643531	16.679222	0.011565513293089708	19.36162653085	0.0696438685799657	nan	nan	nan	315.765843381614	12.023232393602996	12.996161799977983
128.149003676375	-50.9355098606956	2.7878	0.1121	-11.615	0.215	10.223	0.247	nan	nan	17.732485	0.0023293598827304456	19.373613	0.036670735843848265	16.478601	0.005255309127732185	19.09935615132	0.035758240473019454	nan	nan	nan	356.046928495008	13.789899912253986	14.926534839063038
128.315851664497	-51.030232236018804	2.703	0.258	-11.747	0.431	9.932	0.671	nan	nan	18.686272	0.003954409523753822	nan	nan	nan	nan	nan	nan	nan	nan	nan	395.750092195502	18.51132471136401	20.387393660588998
125.316956513368	-48.9428691500363	3.1641	0.0456	-13.706	0.08	10.927	0.065	nan	nan	9.360352	0.0018350663357705394	9.418817	0.0019269008071537024	9.292056	0.002222388754234689	9.213461918710001	0.0018797542993259358	nan	nan	nan	313.289685070873	4.442391845711029	4.5697038959469864
128.507774560037	-50.85294141323849	2.7858	0.1227	-13.167	0.229	9.58	0.211	nan	nan	15.913086	0.002217280685588499	17.023214	0.01030599015694872	14.837611	0.0035319874609492223	16.766614341329998	0.010049858570900015	nan	nan	nan	356.503367027132	15.080971164685991	16.449299770972004
128.29562715987	-50.58402805953761	2.7403	0.1154	-12.494	0.22	9.426	0.222	nan	nan	17.376228	0.0026394924183353523	18.835827	0.028495412443102146	16.116138	0.005809775057963983	18.565933940789996	0.027786537903754023	nan	nan	nan	362.250033236033	14.669650629205023	15.938777749592987
128.46324724261	-50.74428950315121	2.7883	0.1249	-11.569	0.251	9.864	0.251	nan	nan	18.224913	0.002431188304124585	19.930717	0.04873504341689362	16.925201	0.007359795626471168	19.65370970676	0.04752238125129484	nan	nan	nan	356.232044767134	15.319213462450023	16.734370038886993
128.804994870963	-50.423778958796305	2.8329	0.163	-12.48	0.274	9.36	0.33	nan	nan	18.347519	0.002804941619930127	19.838724	0.06680652533522065	17.057291	0.010030054958797222	19.567294132629996	0.06514418927684762	nan	nan	nan	351.499192385758	19.541500898646007	21.94272192280698
127.28640852785101	-50.3217534572788	2.8126	0.1005	-11.863	0.178	10.711	0.176	nan	nan	17.670315	0.002373548592156693	19.196943	0.033299433602171316	16.393549	0.00465487841598127	18.92496652334	0.032470817401795804	nan	nan	nan	352.720850380178	12.183905161898963	13.07150462673303
127.29332734567001	-50.31628408282919	3.0138	0.1351	-12.175	0.234	11.934	0.244	nan	nan	18.10703	0.0027148166136832567	19.438938	0.041135320257524206	16.869015	0.008112499519580716	19.172772616529997	0.04011197036353409	nan	nan	nan	329.838430887335	14.201249634105977	15.514894858681998
127.032682126175	-49.548485255889105	2.7351	0.1567	-11.467	0.303	10.072	0.263	nan	nan	17.987175	0.003565452337501969	19.436539	0.04099259690489281	16.67807	0.009109276892946537	19.16568070659	0.039972934188800505	nan	nan	nan	363.921472542815	20.144016012825034	22.60708543964796
125.938200099361	-50.220998499604505	2.6863	0.1155	-11.685	0.245	10.487	0.24	nan	nan	17.592648	0.0022103514567062073	19.266453	0.021445461161783603	16.267244	0.006030099954600524	18.989602687989997	0.020912222243236588	nan	nan	nan	369.499146153128	15.259721341869977	16.608401628611034
125.95470875309901	-50.0508376302448	2.7531	0.1398	-11.417	0.244	11.035	0.277	nan	nan	18.082602	0.0024929924642291415	19.774794	0.05868289382568195	16.750347	0.009801854374557373	19.49731551417	0.05722279667719976	nan	nan	nan	361.106156348034	17.799510487318003	19.71124975125099
125.62178873976002	-49.7249031046578	2.7844	0.1707	-11.572	0.314	10.314	0.288	nan	nan	18.546135	0.0027298835261163916	20.260498	0.08817895703016303	17.184446	0.01113474021437326	19.981735065719995	0.08598462943242262	nan	nan	nan	357.8537510461	21.14629815566201	23.930341636926983
125.57378760890902	-49.4086863830359	2.8625	0.1169	-12.235	0.241	11.002	0.211	nan	nan	17.703098	0.0021940063882634623	19.39334	0.024748752468805542	16.40282	0.006667036863547773	19.116705957199997	0.024133326543247725	nan	nan	nan	346.875937929236	13.638996499453015	14.781758462917026
125.572766191869	-49.4090958651457	2.9071	0.1403	-11.919	0.279	10.604	0.247	nan	nan	18.219961	0.002974020851534665	19.896082	0.0483351357093723	16.862967	0.009477155520644534	19.61838776765	0.047132664459488986	nan	nan	nan	342.019842318906	16.06357678294802	17.69904349305699
125.29832709731403	-48.30054887101102	2.8785	0.1753	-11.446	0.312	10.925	0.292	nan	nan	18.406523	0.0027818144601435175	20.124432	0.10763830413282027	17.0331	0.011183066017018293	19.845288746519998	0.10495955582282043	nan	nan	nan	346.253128349194	20.34109603303301	23.001466183528976
129.981607587786	-53.9431213187321	3.1555	0.016	-13.681	0.028	11.63	0.025	nan	nan	13.26676	0.002112692704266964	13.742536	0.0038244913591425392	12.645274	0.0032406960099973336	13.51302514882	0.003730171973685136	nan	nan	nan	314.03868560009	1.5849683365480018	1.600841240221996
133.312094251913	-54.6438044434882	3.0052	0.1482	-12.951	0.305	10.408	0.296	nan	nan	18.249765	0.0022903801784957436	20.000877	0.06062552689059261	16.95738	0.005509096452562909	19.722924359669996	0.0591167165532722	nan	nan	nan	331.045444400884	15.881199985712954	17.536555428029033
140.196797946227	-59.622242203823106	2.8576	0.0998	-14.23	0.204	9.686	0.201	nan	nan	17.531689	0.0025358046983697748	18.826296	0.02905370392562254	16.369507	0.008207909428914223	18.56294652179	0.028331293822077244	nan	nan	nan	347.19016344896	11.73296502200202	12.567873887214034
140.124567214341	-59.052873390651705	2.8604	0.0156	-13.456	0.033	9.728	0.029	nan	nan	13.964286	0.0025226152312772692	14.508657	0.007367035758173009	13.282916	0.007028264358947456	14.275948306510001	0.0071857998733542	nan	nan	nan	346.111765499715	1.876912808594966	1.8971241488870305
135.84805073101302	-56.77969677611801	2.7716	0.0251	-13.3	0.055	9.245	0.051	nan	nan	11.201775	0.0019201888122209543	11.450487	0.0018802836485653875	10.823185	0.002029190600815256	11.232673453220002	0.0018341789029701395	nan	nan	nan	357.119990903197	3.191107766422988	3.2481299409780036
135.17131314343902	-56.53821359581691	3.1217	0.0917	-14.152	0.19	11.713	0.161	nan	nan	13.202862	0.002333052327974023	13.684073	0.003984183479017887	12.52144	0.003143619338120007	13.45293506463	0.0038858050007514796	nan	nan	nan	317.886759562242	9.076323775888	9.615949900294993
134.900669207368	-56.506380010089316	2.8509	0.0153	-12.803	0.033	10.451	0.028	nan	nan	13.848436	0.0020894052544527144	14.371665	0.004025412766723053	13.181595	0.0035655581012864293	14.1398441577	0.003926223368556704	nan	nan	nan	347.253272097481	1.8450473035009622	1.8645097375570003
135.138096134219	-55.825355184685606	3.0294	0.0773	-13.852	0.15	9.644	0.149	nan	nan	17.03213	0.0024131296518115383	18.504126	0.015880445844748976	15.827851	0.003795086005464899	18.23531351525	0.015485469647303579	nan	nan	nan	327.3535564765	8.150967032803976	8.570343537453994
135.858648467238	-55.776229493827806	2.9405	0.0604	-13.639	0.137	10.553	0.116	nan	nan	16.425453	0.0024212608806690647	17.802546	0.010123151733344654	15.269602	0.004102662669640438	17.537301023839998	0.009871714652703213	nan	nan	nan	337.016569526072	6.7818181521240035	7.0610231568540485
134.77192470161802	-55.57082118799751	3.1117	0.0301	-14.426	0.082	11.243	0.056	14.96	1.78	11.992929	0.0019947391802484027	12.315533	0.003052899082892732	11.518231	0.0025142646788396295	12.093488153220001	0.002977570124588039	nan	nan	nan	318.454040106511	3.0423645816409817	3.1005602960819942
132.893453734861	-55.9038019803673	2.9354	0.0303	-13.483	0.062	10.886	0.057	nan	nan	9.724406	0.0018346710933579038	9.808044	0.0016537800579214021	9.604949	0.0021169900301782054	9.600788965450002	0.0016134780898155723	nan	nan	nan	337.402636667514	3.442846634485022	3.513278690812001
132.605935593689	-55.90911047096541	2.7933	0.0217	-12.891	0.045	10.308	0.04	18.7	1.86	12.841489	0.0020207885638270384	13.239481	0.002553497663072599	12.296385	0.0025463837543595424	13.013807340560001	0.002490747613167303	nan	nan	nan	354.357171239443	2.723834004985008	2.7655984348289735
133.381741616891	-55.1652700019767	2.9755	0.0532	-13.706	0.098	9.911	0.113	18.99	1.96	11.202177	0.001898888656767788	11.4528	0.0018140400328776213	10.821518	0.001983495902280407	11.234887391020001	0.0017695773831966786	nan	nan	nan	333.023213075518	5.847623944657016	6.056587104728976
132.518843996783	-55.2879193415181	3.0332	0.0692	-13.408	0.14	11.924	0.136	nan	nan	16.4276	0.0021706413364484065	18.05834	0.008946861756162189	15.19277	0.003273175700586445	17.7848159627	0.008724554753143257	nan	nan	nan	326.866148629333	7.285575902150981	7.619302392697989
134.199891376686	-54.2182010903759	2.9628	0.0403	-14.275	0.075	11.001	0.075	nan	nan	9.291626	0.0018286652065402761	9.323864	0.0016520585236771098	9.261974	0.002093531221351118	9.120123557900001	0.0016117813184098769	nan	nan	nan	334.353903500384	4.482649871042952	4.603922513472014
132.23197380685002	-54.00746711452549	2.9136	0.0436	-13.797	0.076	9.846	0.077	nan	nan	16.102306	0.0022673846750203472	17.318363	0.007869903476746388	15.011494	0.003750642301199562	17.05874503059	0.0076745893747936405	nan	nan	nan	339.973703145985	5.000721292504011	5.149544435784037
132.09785975819	-53.7150447450525	2.9996	0.0514	-13.518	0.104	9.794	0.099	nan	nan	16.112255	0.002200886882245395	17.34055	0.00987927497262816	15.01026	0.00433044357699916	17.0803490819	0.009633982783820067	nan	nan	nan	330.359007138485	5.560297389342054	5.750468900278975
133.54066380458403	-53.70480978607251	2.7946	0.0573	-13.674	0.125	9.215	0.099	nan	nan	16.777962	0.0021923649199572614	18.152128	0.012485686500445714	15.605841	0.004685924221919922	17.88655091657	0.012175476406396303	nan	nan	nan	354.426352020162	7.108115618639033	7.399724461903986
129.824433848239	-53.2848110226008	3.1005	0.0331	-13.927	0.059	11.898	0.052	nan	nan	9.349212	0.0018556958804117566	9.418576	0.0023457514845431236	9.260056	0.0029008109067393934	9.2124304372	0.002288504969209694	nan	nan	nan	319.60685406209	3.3690278514250167	3.440275716482006
132.028501543265	-53.7170556612538	2.9182	0.0794	-13.824	0.162	9.968	0.158	nan	nan	17.056421	0.0021702607424430274	18.720837	0.022540357034085183	15.759028	0.004598836254795965	18.444917573989997	0.021979625603833375	nan	nan	nan	339.764352521567	9.001515676715997	9.495945519502982
130.558205097911	-53.53978731081931	2.8274	0.0701	-13.155	0.128	9.821	0.152	nan	nan	16.830128	0.002455684948107767	18.254278	0.022801758462672427	15.631502	0.005274815608831148	17.986797105359997	0.02223461031672216	nan	nan	nan	350.476246258303	8.468176017669975	8.890305296836004
131.27981132116196	-53.50964524464321	2.9826	0.0218	-13.895	0.046	10.043	0.04	nan	nan	11.533154	0.0018527396956668602	11.798366	0.0019249421209863796	11.123013	0.0021241671524867066	11.57935646383	0.0018777747688624913	nan	nan	nan	332.080581147767	2.40308646847501	2.4377434427779576
131.370115602485	-53.29872941031519	2.9187	0.0411	-13.377	0.083	9.663	0.073	nan	nan	15.803442	0.0022702195533522078	16.869139	0.009012220003743814	14.75524	0.005394674989430876	16.61432405389	0.008788931593366649	nan	nan	nan	339.372630858895	4.705714661380966	4.837503460796029
130.323505782502	-53.38224476872811	3.1094	0.086	-14.296	0.152	10.999	0.174	nan	nan	17.224052	0.002104974778834824	18.741137	0.021040183292528592	15.949488	0.004610033685691289	18.46945285639	0.020516813994729783	nan	nan	nan	319.074609484233	8.594227346402988	9.074599068197017
129.932095366696	-52.789374784734306	2.8816	0.0425	-13.224	0.083	11.752	0.084	nan	nan	15.310488	0.0019093888785210447	16.264584	0.00652402027033109	14.332405	0.002554765568508058	16.01429206469	0.006361955197207496	nan	nan	nan	343.700902763776	4.989912118834013	5.136428243074988
130.68725175889497	-52.453218273528904	3.065	0.0774	-13.34	0.144	12.014	0.166	nan	nan	16.987976	0.0037482851161525993	18.466267	0.03468295577927269	15.75458	0.009027146110217389	18.19657311057	0.033820443366284404	nan	nan	nan	323.579635549907	7.968513461393968	8.373763366036997
130.109857896482	-52.5045910843354	3.1718	0.097	-12.932	0.199	10.977	0.215	nan	nan	17.334894	0.002201050097898607	18.857046	0.026772278378155646	16.096985	0.00606856210783278	18.58614808171	0.026106353336506984	nan	nan	nan	312.950827415625	9.296280900883005	9.872706950560996
130.546965174476	-52.370989770045405	3.1523	0.0475	-13.695	0.092	10.297	0.09	nan	nan	15.68903	0.0022886842880283967	16.731926	0.011236345505663508	14.642292	0.0036489522113288876	16.477715009740002	0.010957049283690248	nan	nan	nan	314.465708190403	4.667698475479028	4.807915904576021
130.085734826785	-52.2500549969555	3.156	0.0511	-13.348	0.099	10.116	0.108	nan	nan	14.916166	0.0019736766543542936	15.805287	0.004740172832515748	13.973607	0.00312945557995274	15.5574964848	0.004622846194990019	nan	nan	nan	314.123531596744	5.004919813145989	5.166664604260006
128.915317155533	-51.08885707216	2.7291	0.0948	-13.429	0.167	10.303	0.205	nan	nan	17.309885	0.0027143727522480616	18.796797	0.026216710328995873	16.076813	0.006941217443700745	18.52689659824	0.025564760195789293	nan	nan	nan	363.354889359799	12.20978986939599	13.073329808857977
125.68564531183199	-51.36485386866201	3.0637	0.0363	-12.9	0.073	11.606	0.076	nan	nan	8.888878	0.0018455320484771977	8.907574	0.0018512628675084587	8.881366	0.00288171072755911	8.704721682880002	0.001806609320278276	nan	nan	nan	323.419920691217	3.779312632575966	3.8681182621820085
127.39174433181401	-50.123979824871306	2.6793	0.0305	-11.849	0.055	10.927	0.049	nan	nan	11.780347	0.0018302315100380123	12.072444	0.002204112095580777	11.336225	0.002232883480214792	11.851919509090001	0.002149970188078504	nan	nan	nan	369.324082721563	4.140933529023982	4.234206192577972
127.612640128288	-50.1803790553937	2.968	0.0818	-14.293	0.159	10.163	0.151	nan	nan	17.132195	0.0024053329536900515	18.503296	0.028440649380060187	15.927894	0.004274550921397921	18.23699424422	0.027732965699634002	nan	nan	nan	334.123895455657	8.963240498820994	9.462095072890975
127.70061646086398	-49.79707803493841	2.7118	0.0197	-12.821	0.038	10.039	0.042	nan	nan	14.481175	0.0018283187961323506	15.099379	0.00197169104096643	13.736225	0.002084572690878978	14.863250096940002	0.0019233156256866335	nan	nan	nan	364.895915735464	2.6249614988269627	2.662591515783049
128.398691662386	-49.4153522220381	2.7448	0.098	-12.577	0.192	9.301	0.213	nan	nan	17.256575	0.0035375262555836814	18.711264	0.03829831447335447	16.003016	0.010914543951809524	18.44165570728	0.03734605750579545	nan	nan	nan	361.334360769138	12.466502639683995	13.373510698895984
124.97472894423501	-50.3247386546191	2.8055	0.0263	-11.815	0.052	11.029	0.047	nan	nan	15.150085	0.001856690098103225	15.912769	0.0027157617926165042	14.302558	0.0022313935684274517	15.670490848210003	0.0026487488249452382	nan	nan	nan	352.851760959581	3.2665249476359577	3.3270359374209875
125.673091069155	-49.81976432066921	3.1686	0.0389	-13.214	0.067	11.192	0.056	23.27	4.13	10.167794	0.0018442432439151057	10.314674	0.0018879636262668213	9.941462	0.0022665422501391263	10.10318475332	0.0018418363798145898	nan	nan	nan	312.818933380736	3.785648488925972	3.877849605117035
125.467286243297	-49.48128906094021	3.1188	0.0673	-13.155	0.134	10.983	0.117	nan	nan	16.962496	0.002354741192618863	18.446125	0.019951439265954215	15.726966	0.00643673999629133	18.176245132489996	0.019455507597121707	nan	nan	nan	317.94586065755	6.712090191331981	7.002579063402038
124.71247132380599	-49.5480547732764	3.1229	0.0474	-12.057	0.092	11.964	0.106	nan	nan	16.194584	0.0024534968119861488	17.424177	0.008923956990481898	15.085832	0.0052725614212658705	17.16377559295	0.008702829227244163	nan	nan	nan	317.396781930564	4.7372598167259525	4.880377416171029
124.70769461150901	-49.5456150996965	3.1073	0.0485	-11.776	0.096	12.033	0.11	nan	nan	16.179914	0.0028511494904566934	17.40789	0.011836346317251351	15.063273	0.006342549221755618	17.14733248287	0.011542819240087269	nan	nan	nan	318.984717985924	4.893300950750017	5.045370707874952
125.40630544676702	-48.66952830371141	2.7078	0.0565	-11.995	0.109	9.753	0.097	nan	nan	16.310534	0.002410228855666845	17.530443	0.00794067176155763	15.205086	0.00437301770482156	17.27036486427	0.007743793421202365	nan	nan	nan	365.668944259313	7.4652063418610055	7.7771905122010025
126.40952997061	-49.2543497029268	2.9492	0.0219	-11.475	0.034	11.773	0.032	nan	nan	13.656495	0.0027059001560473953	14.172944	0.007381742690715889	12.993961	0.005487762526467428	13.94139911313	0.007199306977316945	nan	nan	nan	335.809287761275	2.4752082009659944	2.5115781422350096
123.751226529698	-48.88756960498309	3.0092	0.0243	-12.227	0.048	10.988	0.039	nan	nan	14.466267	0.0020849793077390845	15.181703	0.004781005384679057	13.648075	0.0032555053376318887	14.941330999080002	0.004662710287629259	nan	nan	nan	329.17965547047	2.6294432161730015	2.6713653118940215
125.099438355272	-48.201617904330305	2.8735	0.032	-12.348	0.05	9.931	0.047	33.54	3.18	10.657631	0.0018290050544227626	10.843218	0.002081608850153371	10.368953	0.0020208884104043353	10.629213544150002	0.0020304207450696043	nan	nan	nan	344.611014205472	3.7888921026729463	3.8725430505930376
124.738833752135	-48.2568673254495	2.9011	0.0627	-11.893	0.101	9.986	0.108	nan	nan	16.43666	0.0023344740810258605	17.66142	0.01547122460929878	15.319177	0.003141234948812671	17.40092157173	0.01508634842876413	nan	nan	nan	341.568539451306	7.216411959146001	7.528980241799047
124.73531050524801	-49.00304725744781	2.856	0.109	-11.541	0.215	10.735	0.216	nan	nan	17.708622	0.0022685026339577924	19.321444	0.04447883663489408	16.410858	0.006835859836335259	19.046799514459998	0.043372092122701426	nan	nan	nan	347.524463790653	12.800802074860997	13.800136318690022
128.5399438415836	-53.0715037292212	2.7628	0.041	-12.02	0.08	10.691	0.094	nan	nan	6.7502	0.0005	6.7141	0.0018	6.8666	0.0037	6.515695725	0.001757612340606711	B3V	2.0	nan	358.336508348482	5.232517872062033	5.3870730153619775
130.0347958305517	-51.9415574499375	2.7834	0.0522	-13.317	0.089	9.513	0.105	nan	nan	7.4218	0.0009	7.3928	0.0032	7.5144	0.0031	7.193626624	0.003121305834932713	A0V	1.0	nan	355.786294380064	6.5346775438879945	6.779336897729991
127.3149646161408	-50.2500703744445	2.941	0.0417	-13.151	0.068	10.076	0.059	nan	nan	9.1481	0.0004	9.1866	0.0014	9.1076	0.0027	8.982433690000002	0.0013668071140160928	A1V	1.0	nan	336.815956822319	4.699410199821955	4.831866848688037
129.0160145543553	-51.102731212537	2.7971	0.0365	-12.758	0.065	9.675	0.065	15.390019494353522	7.424073496841526	9.9192	0.0006	10.0045	0.001	9.8047	0.0012	9.797326978000001	0.0009755673270072138	A2V	1.0	nan	353.955672987414	4.547775137669021	4.665550357446989
128.813608258233	-50.9070155485769	2.9028	0.0279	-13.556	0.048	9.885	0.047	20.248006325159402	2.1779279425044638	10.4912	0.0007	10.6769	0.0018	10.2027	0.0012	10.462897162	0.0017554521117444362	A5V	1.0	nan	341.141423474575	3.2403220864300124	3.3019400929420044
129.1980781902658	-53.2781652243503	2.9217	0.0252	-12.176	0.046	11.389	0.044	19.249266241823474	2.0673700884641453	10.9077	0.0004	11.1318	0.001	10.5613	0.001	10.915400255000002	0.0009754276109481422	F1V	1.0	nan	338.949847921249	2.8935353083230098	2.942892296105015
128.4570101734027	-51.7164992872063	2.8401	0.0208	-11.893	0.041	11.503	0.04	16.52883427277334	2.0972458368535656	11.5468	0.001	11.8446	0.0035	11.0987	0.0023	11.623834549000001	0.0034133650906743042	F8V	2.0	nan	348.576899498001	2.532215014816984	2.568877487900977
128.8726651674394	-51.8151933540741	2.7563	0.0358	-12.664	0.061	9.658	0.061	19.863656407299	0.5047333056293309	11.7657	0.0004	12.0497	0.0016	11.3349	0.0012	11.829708628	0.0015604618702166357	F8V	1.0	nan	359.138266216697	4.593516263471997	4.711924630676037
129.9661024811336	-51.7686582808275	2.9358	0.0259	-12.849	0.051	9.938	0.051	40.541393256020605	0.11466955223185821	11.7713	0.0002	12.0631	0.0014	11.3305	0.0007	11.842665586	0.00136526517740877	G0V	1.0	SB1?	337.34116765888	2.9393391452450146	2.990532143440987
129.9655619425318	-51.9186294598813	2.8447	0.0309	-12.573	0.05	9.626	0.059	11.249022973892174	1.8832319115476177	11.7925	0.0008	12.0905	0.0027	11.3474	0.0021	11.869804241	0.0026333157979190423	G3V	3.0	SB1?	348.053400476773	3.7273222858449913	3.8074297760380205
129.9754130295436	-51.9475959648639	2.8139	0.0278	-12.101	0.05	10.556	0.053	12.13990165834527	0.18352880688430606	11.8763	0.0003	12.1626	0.0016	11.439	0.001	11.942389596	0.0015603745265403432	F8V	1.0	SB1?	351.818979022606	3.4298885978610087	3.49686555518997
127.3537296992777	-50.6634257354386	2.7888	0.0281	-11.967	0.05	9.963	0.05	25.365493106047808	2.2781166970077336	11.9139	0.0012	12.2238	0.0047	11.4551	0.0031	12.002467057000002	0.004583666472767188	G5V	2.0	SB1?	354.955149008913	3.535999720554969	3.606586181243017
128.6205943593787	-51.2246129598894	2.8256	0.0264	-12.885	0.047	10.267	0.045	19.73354717003447	0.5803053532643668	11.9521	0.0004	12.2495	0.002	11.506	0.0013	12.028794285	0.0019504884064892568	F5.5V	1.0	nan	350.364785050429	3.239956205984015	3.2999082631440046
128.2353040843703	-49.8683863656307	3.0817	0.0269	-13.575	0.055	9.985	0.042	20.27311580864752	0.17313550365777625	11.9822	0.0004	12.2933	0.0015	11.5184	0.0013	12.071812739	0.0014630228561693767	F6V	1.0	nan	321.510894125987	2.7810134062970064	2.8290902299359573
129.1105697713319	-49.6761785246505	2.8221	0.0306	-12.788	0.054	9.578	0.051	19.3580053029994	0.142117128716207	11.9993	0.0002	12.3017	0.0012	11.5477	0.0008	12.080732940000003	0.0011703014078296241	G0V	1.0	nan	350.814125404655	3.758760158416976	3.8395843333499897
130.2004213909655	-51.3761234725984	2.9172	0.0237	-12.586	0.042	10.716	0.043	19.537039566897704	0.14764984123201527	11.997	0.0006	12.3075	0.0023	11.5358	0.0023	12.086092387	0.002243483505180727	G0.5V	1.0	nan	339.460300533786	2.73124457028797	2.775110879129045
128.6009691044423	-53.8053612403664	3.0576	0.0226	-13.147	0.046	11.144	0.049	18.792578196728307	0.18079347513354588	12.3406	0.0012	12.7058	0.0059	11.8324	0.0045	12.481861074	0.005754239179615843	G1V	1.0	nan	324.009293429831	2.368584585873009	2.4030973253189813
131.2857411665139	-53.2277183609739	3.0619	0.0249	-12.872	0.045	11.625	0.042	18.069153911621473	0.12982741968997052	12.5203	0.0002	12.8838	0.0011	12.0046	0.0007	12.659716712000002	0.0010727624949493713	K1V	1.0	nan	323.570254363853	2.6075900890700154	2.6495390040379903
129.0528981980119	-51.8726802326171	2.8613	0.0337	-12.324	0.058	10.318	0.051	19.80926159969559	0.20402446508333746	12.6619	0.0009	13.0269	0.003	12.1341	0.0029	12.802478208000002	0.0029262203788609303	G6V	1.0	nan	346.074942358122	4.022695951219987	4.116709828997045
130.4970842180201	-52.1760366040774	2.8385	0.0243	-13.606	0.046	9.714	0.044	19.27613060770042	0.15191649132192925	12.6739	0.0029	13.0596	0.0099	12.1287	0.0075	12.834229899	0.009655393732859683	K1V	1.0	nan	348.783955827307	2.954164216985987	3.004153972190011
129.4109787402501	-51.0008663804373	2.8751	0.0262	-13.624	0.051	9.072	0.046	nan	nan	12.7799	0.0033	13.197	0.0133	12.2081	0.0094	12.970186279	0.01297107325492093	G9V	2.0	nan	344.393452289446	3.104608858764948	3.1605848963360472
130.4256550463672	-52.105685791407	2.896	0.022	-13.427	0.044	9.434	0.04	19.537091678215386	0.3127449315772577	12.8316	0.0012	13.2307	0.0043	12.2812	0.0043	13.004866945000002	0.004194338727077011	K1V	1.0	nan	341.918628894107	2.569394456094983	2.6078957782080465
129.8033507131184	-51.1273876933199	2.9221	0.0179	-13.685	0.032	9.613	0.035	20.01124694748307	0.3042511208551568	13.0457	0.0015	13.4606	0.0055	12.4775	0.0047	13.233930641	0.005364380697090205	G9V	1.0	nan	338.883790746803	2.0643685464519876	2.08937347208996
127.4857576152597	-51.1959884847244	2.92	0.0199	-11.831	0.038	10.754	0.031	18.724285335352025	2.979637196278973	13.0471	0.0019	13.4702	0.0065	12.4621	0.0046	13.242908391000002	0.006339249029834765	K0V	2.0	nan	339.121548588506	2.289154963203032	2.3199207352290045
127.3005421534639	-50.8909108383178	2.8953	0.0157	-12.095	0.028	10.983	0.027	20.316299221701364	0.3312744236361476	13.2465	0.001	13.6774	0.0036	12.6625	0.0027	13.449939139000001	0.00351103920798743	K0V	2.0	nan	341.981528633189	1.8362136342730082	1.8557894766540244
128.6554495618084	-50.4141295984399	3.1085	0.0182	-14.192	0.033	10.111	0.027	19.138059478273213	0.4250232404467841	13.2244	0.002	13.711	0.0072	12.5903	0.0059	13.480905777000002	0.0070223276428449995	K2V	1.0	nan	318.744472958339	1.8551770577269622	1.8766353458540266
129.8213909661298	-52.5035975756172	2.7517	0.0135	-12.648	0.026	10.454	0.025	18.170336167468086	0.29025793763227187	13.3017	0.0013	13.7354	0.0055	12.7134	0.0035	13.507762420000002	0.005363812474746857	K1V	1.0	nan	359.631651645545	1.7571167734340065	1.77414628679702
129.8772648800667	-51.4758667524411	2.7378	0.0164	-11.914	0.029	9.964	0.033	19.840936122342136	0.551378887621127	13.4139	0.0011	13.8638	0.004	12.811	0.0024	13.635395808	0.0039008974074302444	K1V	1.0	nan	361.447914095064	2.141023858810968	2.166232727672991
130.9217000114391	-52.006544347157	2.994	0.0156	-13.462	0.03	11.591	0.026	55.80412191629059	0.20766841192170724	13.6236	0.0004	14.1126	0.0021	12.9904	0.0012	13.882468442000002	0.0020479488142492726	K2V	1.0	SB1?	330.816416979872	1.7074311611689836	1.724921423407011
132.3540973843151	-53.5439948237229	2.7316	0.0216	-12.509	0.039	10.005	0.041	5.631358221894172	0.26153423933853076	13.6211	0.0008	14.1128	0.0041	12.9758	0.0023	13.882300070000001	0.003998360841321104	K2.5V	1.0	SB1?	362.274270537134	2.83529912258399	2.879575108219001
127.5863986302983	-51.2679140818567	2.9172	0.1186	-12.215	0.218	10.916	0.204	nan	nan	17.7272	0.013	19.3788	0.0377	16.4276	0.0057	19.103144632	0.03676192076185272	nan	nan	nan	340.431176418771	13.329129488205979	14.440822207411031
127.8217451456396	-50.6066537587518	2.8808	0.026	-13.115	0.043	9.757	0.05	nan	nan	14.5888	0.0003	15.2845	0.0094	13.7722	0.0073	15.044658853000001	0.009167834700133123	nan	nan	nan	343.711048909952	3.067362154623993	3.1221016671159987
128.0964198393316	-50.8789647970934	2.9476	0.0908	-13.32	0.181	10.61	0.219	nan	nan	17.0787	0.0019	18.648	0.0208	15.828	0.0035	18.375610199999997	0.020282475084125434	nan	nan	nan	336.530321993781	10.05818345368698	10.685919375179026
128.1298669511113	-50.9426433626359	3.0516	0.0908	-12.29	0.168	10.439	0.188	nan	nan	16.9419	0.0016	18.6149	0.0187	15.6517	0.0035	18.338945951999996	0.01823476509334502	nan	nan	nan	325.134348928669	9.407339889829018	9.974566753419026
128.1485436684112	-50.545225896106	2.9438	0.1049	-12.358	0.187	9.578	0.215	nan	nan	17.4457	0.0011	19.0114	0.024	16.1786	0.0059	18.738691607999996	0.023403100738701298	nan	nan	nan	337.156135732982	11.613654807567002	12.45717730115797
128.1933841326678	-50.9711186542649	2.8887	0.0173	-12.599	0.035	10.285	0.034	nan	nan	13.3233	0.0028	13.8092	0.005	12.6881	0.0037	13.579095821000001	0.004876419682835862	nan	nan	nan	342.758799050493	2.037648541025021	2.0617278846160048
128.2633183827606	-50.8214809403511	3.0147	0.064	-12.691	0.13	10.85	0.122	nan	nan	16.494	0.001	17.9158	0.013	15.2784	0.0045	17.647955114000002	0.012676924811046448	nan	nan	nan	328.811905148156	6.836273249072974	7.12745866921
128.2979814799741	-50.5229302766811	3.0588	0.043	-13.054	0.078	11.145	0.075	nan	nan	15.8946	0.0047	17.0292	0.0089	14.8206	0.0044	16.772027946	0.008679169978039204	nan	nan	nan	323.967266451455	4.489494507873985	4.615152606718027
128.3268639231507	-50.995848845248	2.9997	0.1124	-13.27	0.216	9.702	0.244	nan	nan	17.7012	0.0019	19.3972	0.0359	16.4392	0.005	19.12137538	0.035006670212862315	nan	nan	nan	331.01422414195	11.983585473702021	12.90183982756696
128.3333567051262	-50.7321308859551	3.0149	0.1376	-13.082	0.289	9.418	0.317	nan	nan	18.1784	0.0022	19.7759	0.0358	16.8688	0.0065	19.501342281	0.034909312893181804	nan	nan	nan	329.767399676267	14.446279534627024	15.808199243869979
128.4074830644551	-50.6117570064408	2.9387	0.1176	-12.979	0.259	9.803	0.221	nan	nan	18.0697	0.0015	19.6759	0.067	16.7759	0.006	19.401518999999997	0.06533254068419889	nan	nan	nan	337.936422188241	13.03158162602	14.100668818233999
128.4129947089259	-50.5460564446831	2.8602	0.0967	-11.766	0.193	10.521	0.197	nan	nan	17.2928	0.0074	18.8989	0.0223	16.021	0.0058	18.625069069000002	0.02174543219527386	nan	nan	nan	346.830001071018	11.351101939910961	12.131555311942009
128.5231538827198	-50.8325653058322	2.9016	0.1267	-12.181	0.239	10.054	0.247	nan	nan	17.4818	0.0016	19.0393	0.0448	16.0985	0.0136	18.763903488	0.04368623947335362	nan	nan	nan	342.40191620294	14.36538809041599	15.657109992299013
128.5248931004747	-53.0774337412591	2.8804	0.055	-12.889	0.117	11.53	0.117	nan	nan	16.6363	0.0025	17.9511	0.0135	15.4473	0.008	17.686580418	0.01316549087024958	nan	nan	nan	343.936249364592	6.4342655139799945	6.679808334283962
128.686199631888	-51.0774698989368	2.9084	0.0685	-13.018	0.114	9.644	0.113	nan	nan	16.6742	0.0024	17.9699	0.0262	15.518	0.0029	17.706672208999997	0.02554798396708995	nan	nan	nan	340.780991925839	7.838138021489954	8.209178638643039
128.9419484377571	-51.3150971631755	3.0131	0.0719	-13.426	0.133	9.567	0.153	nan	nan	17.0093	0.0004	18.409	0.0339	15.793	0.0063	18.14168776	0.033056600916241984	nan	nan	nan	329.055235485818	7.662831736886005	8.03031889652101
129.1649125454854	-49.863450609734	2.9249	0.1218	-11.994	0.226	10.572	0.256	nan	nan	17.6908	0.0016	19.2856	0.0362	16.4637	0.0057	19.013162909	0.035299267105486094	nan	nan	nan	339.595281625791	13.616415827849039	14.781784988835
129.3948057498719	-52.4508189671836	3.0781	0.1076	-13.283	0.206	10.831	0.246	nan	nan	18.0776	0.0025	19.7594	0.0574	16.7738	0.008	19.482888416	0.055971668187226625	nan	nan	nan	322.558617372819	10.918672746677998	11.69701673615998
129.4202271709838	-51.2143398732387	2.87	0.1629	-12.565	0.278	9.367	0.3	nan	nan	18.006	0.0015	19.5982	0.0459	16.7071	0.009	19.324040521	0.044758109577678784	nan	nan	nan	346.956801950786	19.042239662793975	21.348485831791038
129.421025027393	-51.6672082495248	2.9083	0.0668	-13.001	0.128	10.031	0.135	nan	nan	16.6636	0.0025	18.2638	0.0168	15.4033	0.0042	17.990402154999998	0.01638218154241211	nan	nan	nan	340.772360091484	7.644819594295996	7.997376414837959
129.4430456324191	-53.3395909182076	2.9829	0.1471	-13.083	0.286	11.576	0.336	nan	nan	18.2778	0.0018	20.0133	0.0446	16.9655	0.0082	19.735240258	0.04349038491301774	nan	nan	nan	333.47718348479	15.996163286424974	17.66322386223601
129.4913296064734	-51.4238130486013	2.9565	0.115	-12.976	0.224	9.87	0.258	nan	nan	17.7547	0.0027	19.1526	0.0629	16.4604	0.0054	18.883391142	0.06133456626601672	nan	nan	nan	335.864835492577	12.598269694813041	13.60131686709201
129.495072215054	-51.8060429220032	2.9412	0.0173	-12.408	0.031	11.186	0.031	nan	nan	13.3308	0.0016	13.8101	0.0036	12.7014	0.0029	13.580304457000002	0.0035111380168795702	nan	nan	nan	336.693311115955	1.9701914944540135	1.9931042034510256
129.5302336067773	-51.6535114822529	2.9161	0.1007	-12.729	0.198	10.421	0.255	nan	nan	17.7751	0.0031	19.3522	0.0359	16.5185	0.0055	19.079469207	0.03500671666738579	nan	nan	nan	340.276064689796	11.36973365512597	12.169010620810013
129.5507196265878	-51.265813526696	2.9377	0.1299	-12.946	0.233	9.773	0.264	nan	nan	17.9349	0.0012	19.4301	0.0353	16.6474	0.0068	19.158638597	0.03442179910859095	nan	nan	nan	338.260913539159	14.366847773635982	15.676146047000032
129.6267793393928	-51.6351150919912	3.0202	0.0611	-13.103	0.124	11.415	0.123	nan	nan	16.8846	0.0047	18.385	0.0116	15.6675	0.0045	18.115161425000004	0.011311830526851125	nan	nan	nan	328.195493541621	6.499367487420955	6.762516081847025
129.6847053244408	-51.6216335863276	2.9317	0.142	-13.243	0.267	10.318	0.3	nan	nan	18.3271	0.0042	20.1197	0.0841	16.974	0.0101	19.839203527	0.08200713631145355	nan	nan	nan	339.196228648415	15.984414259768016	17.617877707384025
129.7276044552242	-51.7021327846218	2.8958	0.0296	-13.271	0.059	9.851	0.059	nan	nan	9.534	0.0011	9.6616	0.0013	9.3472	0.0014	9.451574584000001	0.0012681218471286581	nan	nan	nan	341.965526147568	3.449610872075027	3.5193600129469473
129.9421201128997	-52.2915293322603	2.9444	0.0344	-13.359	0.066	10.096	0.065	nan	nan	15.8558	0.0016	16.9998	0.0137	14.7844	0.0086	16.742458694	0.013360721804639339	nan	nan	nan	336.396717628329	3.880642228008014	3.97063475490404
129.9540169330323	-51.1843716412131	2.9278	0.0717	-13.016	0.123	9.776	0.133	nan	nan	16.5872	0.0009	17.9183	0.013	15.4432	0.0047	17.654494761	0.012676969770697927	nan	nan	nan	338.562572350892	8.085786075432054	8.483962935583975
129.9593244974288	-51.5401034377904	2.8762	0.0264	-12.625	0.05	9.199	0.053	nan	nan	11.8879	0.0018	12.2726	0.0038	11.3458	0.0027	12.047331948000002	0.0037060273606562863	nan	nan	nan	344.258065714707	3.1197568281550048	3.176308076236978
130.029597704505	-51.5292575773832	3.0324	0.0905	-13.359	0.168	9.756	0.18	nan	nan	17.2275	0.0018	18.7135	0.0177	15.9816	0.0085	18.443303009	0.017260743625204394	nan	nan	nan	327.176743824243	9.49347376849397	10.067630289195051
130.0578680890895	-52.7192225747918	2.8652	0.0511	-12.117	0.105	10.52	0.098	nan	nan	16.3934	0.0004	17.6021	0.0097	15.2841	0.0036	17.34220498	0.009458991414009478	nan	nan	nan	345.717590842793	6.051862038197044	6.267433319892973
130.0596822659432	-52.7209464087523	2.9459	0.1151	-12.405	0.23	10.818	0.264	nan	nan	17.9505	0.0008	19.3506	0.0467	16.6855	0.008	19.082065661	0.045538072338628575	nan	nan	nan	337.075476655428	12.707049942610013	13.724248675718968
130.095613544351	-52.2462078495551	2.8994	0.0959	-12.83	0.194	9.666	0.198	nan	nan	16.7722	0.0015	18.3557	0.0242	15.5075	0.0056	18.082608301999997	0.02359807364523003	nan	nan	nan	342.154432762677	10.968959363731983	11.706657797918012
130.1240833365739	-51.5362781090674	3.005	0.0163	-12.766	0.03	10.91	0.03	nan	nan	13.2717	0.0021	13.7331	0.0079	12.651	0.0054	13.503966531000001	0.007704541447938159	nan	nan	nan	329.61521440791	1.773541451370022	1.7924893929799737
130.1256621309726	-52.1015206062949	2.8676	0.1325	-11.971	0.26	9.972	0.309	nan	nan	18.0079	0.0033	19.5628	0.0571	16.7273	0.0104	19.290024404999997	0.05567938271995027	nan	nan	nan	346.558788262817	15.357650042647037	16.823881059176983
130.1580301050204	-52.4986938167582	2.916	0.0172	-13.544	0.034	9.79	0.037	nan	nan	13.9055	0.0014	14.4804	0.0066	13.1966	0.0053	14.246246218000001	0.006437077849611966	nan	nan	nan	339.583832455617	1.982856727167018	2.0058668480969573
130.2439803858796	-51.5140457830136	2.9091	0.0211	-13.221	0.037	9.868	0.039	nan	nan	14.5144	0.0021	15.2148	0.0093	13.7015	0.007	14.974933963	0.009070196552138714	nan	nan	nan	340.384167818546	2.4501725417389935	2.4853193445729858
130.2839669166467	-52.0176645249537	2.8782	0.0168	-13.208	0.03	9.768	0.031	nan	nan	13.9528	0.0011	14.5343	0.006	13.2429	0.0035	14.299957054	0.005851308525349266	nan	nan	nan	343.994360047031	1.9864859615960313	2.009281360035004
130.404968479283	-51.3989928477098	3.025	0.0665	-13.378	0.124	10.424	0.114	nan	nan	13.8793	0.0015	14.5506	0.0064	13.0845	0.0032	14.311908770999999	0.00624121223958295	nan	nan	nan	327.72221004522	7.044023469302999	7.354656424571999
130.6541571808428	-52.2376144791278	2.9579	0.1269	-13.271	0.232	10.095	0.25	nan	nan	18.2258	0.0014	19.8732	0.0742	16.9099	0.0143	19.597243462999998	0.072354037450771	nan	nan	nan	335.911572271509	13.857384021081998	15.080725248346027
130.7826257056415	-51.8259106082445	2.861	0.0598	-13.298	0.107	9.652	0.103	nan	nan	16.4685	0.0022	17.7316	0.0112	15.3401	0.0038	17.469875565	0.01092164155026835	nan	nan	nan	346.288872112236	7.077349289521976	7.3734656208200136
130.7979182988349	-53.0698076672678	2.9074	0.0553	-12.345	0.101	10.017	0.11	nan	nan	16.1831	0.0031	17.3535	0.0123	15.0846	0.0044	17.094827078999998	0.01199435298546216	nan	nan	nan	340.769743558573	6.3501244158500185	6.5914745731660105
130.8622760036822	-51.5789587067736	2.9547	0.1745	-13.394	0.26	9.045	0.261	nan	nan	17.8655	0.0018	19.4665	0.0497	16.6023	0.0074	19.193010062	0.04846331700292176	nan	nan	nan	337.283623386423	19.243716337041008	21.67866572916199
130.9218886362914	-52.36891091754	2.9283	0.0286	-13.41	0.065	9.887	0.053	nan	nan	15.5484	0.0081	16.5521	0.0124	14.549	0.0068	16.300042840999996	0.012092548516338484	nan	nan	nan	338.203945298699	3.264521137264012	3.3276257331449983
130.961640079822	-52.3272189208698	2.9239	0.0424	-13.384	0.088	9.602	0.08	nan	nan	16.0833	0.0016	17.2588	0.0176	14.9879	0.0072	17.000077298999997	0.017162871635462408	nan	nan	nan	338.773227675555	4.832125497482025	4.971448456228018
131.2083338604231	-52.9211427646009	3.0614	0.1068	-13.109	0.249	10.017	0.221	nan	nan	17.6585	0.0054	19.2715	0.0368	16.3787	0.0074	18.997298208	0.035884520692756924	nan	nan	nan	324.295321958463	10.955003134256003	11.734228425054027
131.3280724042067	-52.826158296787	2.8901	0.0444	-13.021	0.085	10.173	0.082	nan	nan	15.5951	0.0026	16.584	0.0057	14.5937	0.0037	16.332261433	0.005558889895363822	nan	nan	nan	342.715767111112	5.182577690187998	5.341276344720029
129.2070006826271	-54.1320477582292	2.8054	0.0592	-12.767	0.121	9.774	0.139	10.299195446502988	0.9511270969633905	11.3597	0.0004	11.6425	0.0009	10.929	0.0009	11.422540985	0.0008778848498533278	F6V	1.0	SB1?	353.083008933437	7.284627756986993	7.592428358126995
131.2799162442413	-53.5096934477081	2.9826	0.0218	-13.895	0.046	10.043	0.04	18.88786251843813	0.5650972652449157	11.5332	0.0004	11.7984	0.0013	11.123	0.0009	11.579389294000002	0.0012678409128317324	F5V	1.0	nan	332.080581147767	2.40308646847501	2.4377434427779576
132.4549979828238	-53.0981144370525	2.8323	0.0239	-11.997	0.046	9.669	0.045	18.190313241871973	0.3406123883860778	12.6735	0.0008	13.0425	0.003	12.1435	0.0021	12.817923890000001	0.0029257969268664226	G5V	1.0	nan	349.530316035662	2.91281887923202	2.961302127903025
131.1469456023032	-52.5699466970317	2.8924	0.02	-13.547	0.032	9.729	0.033	17.78418237507276	1.6730006456473976	13.0179	0.0017	13.4282	0.0058	12.4478	0.0043	13.201597844	0.005656650596048249	K0V	2.0	SB2?	342.329318746375	2.3468295065650295	2.3788688261889774
127.6022122885654	-50.7432634395052	3.0584	0.6873	-13.598	1.256	10.262	1.062	nan	nan	20.1848	0.0117	20.6327	0.1686	18.6908	0.0464	20.382166109	0.16440760238548865	nan	nan	nan	359.876717515406	104.84068313827802	258.56367189926294
127.6127401982974	-50.1804277572724	2.968	0.0818	-14.293	0.159	10.163	0.151	nan	nan	17.1322	0.0029	18.5033	0.0284	15.9279	0.0038	18.236998294	0.027693285515339276	nan	nan	nan	334.123895455657	8.963240498820994	9.462095072890975
128.0199853797049	-50.497816333809	2.9148	0.184	-12.346	0.339	9.996	0.405	nan	nan	18.3748	0.0013	19.9047	0.096	17.0329	0.0086	19.631020898	0.09361080473229848	nan	nan	nan	342.160046109136	20.806893616912987	23.637257308552023
128.2713236726666	-50.5357911719207	2.9213	0.1582	-12.534	0.273	9.058	0.309	nan	nan	18.3708	0.0004	19.8874	0.0658	17.0271	0.01	19.614007133	0.064162720768205	nan	nan	nan	340.750126112491	17.878008136344988	19.936593781511988
128.3210740305396	-49.965629203177	3.0019	0.1764	-13.153	0.507	10.43	0.376	nan	nan	17.8061	0.0022	nan	nan	nan	nan	nan	nan	nan	nan	nan	331.999807597187	18.848946752343977	21.220663313502996
128.5346237917095	-50.4354604677181	2.9753	0.293	-12.036	0.458	9.604	0.465	nan	nan	19.3056	0.0112	20.8726	0.146	17.8135	0.026	20.594259000999998	0.14236753081409825	nan	nan	nan	338.846974525178	31.984156301854966	39.31589562761104
128.5427173245158	-51.1371483301954	3.1162	0.2416	-12.583	0.394	9.622	0.525	nan	nan	18.8697	0.0025	20.5036	0.0929	17.5066	0.0154	20.226804669999996	0.09058852994233099	nan	nan	nan	321.471881256599	23.818946746175982	27.89304938498401
128.6203239555493	-50.9530620604407	3.0294	0.4076	-12.322	0.755	8.94	0.823	nan	nan	19.8697	0.0013	20.5974	0.1849	18.4279	0.036	20.341201145000003	0.18030006554561073	nan	nan	nan	338.324890008317	44.24993214432203	59.78021554476095
128.6574038300252	-50.8514110911091	2.9085	0.3615	-13.703	0.682	11.438	0.666	nan	nan	19.656	0.0011	20.7889	0.1231	18.2646	0.0222	20.523870173000002	0.12003731277938975	nan	nan	nan	350.372706558739	42.457195696469	55.88566711068199
128.7090702798502	-53.2959822745283	3.0457	0.2609	-13.111	0.493	10.652	0.532	nan	nan	16.4677	0.0018	17.2775	0.0088	15.2047	0.0043	17.023708008	0.008581635426639436	nan	nan	nan	329.631597141735	27.251615675606047	32.56363709513897
129.2196217963276	-53.7679940386448	2.949	0.1306	-12.494	0.242	9.952	0.323	nan	nan	18.0438	0.0024	19.3569	0.055	16.7698	0.016	19.090307081	0.053632528554974	nan	nan	nan	336.978052759091	14.334978863106983	15.643623370785008
129.2225967502593	-53.7666525751781	2.9895	0.5622	-12.087	1.084	9.806	1.296	nan	nan	17.0851	0.0017	18.4669	0.0237	15.8227	0.0062	18.198885861999997	0.02311062222434898	nan	nan	nan	355.29840313939	70.83314686847001	118.26508549490501
129.5237262832398	-51.6656171031422	2.9137	0.1928	-13.336	0.37	9.926	0.461	nan	nan	18.9417	0.0033	20.6933	0.0818	17.5934	0.014	20.413943489	0.07976475914409574	nan	nan	nan	342.537895388682	21.793468186778966	24.915587700842025
129.679161632992	-52.313956573244	2.9277	0.6312	-12.657	1.284	11.105	1.616	nan	nan	20.3097	0.0034	20.9101	0.2128	18.8354	0.047	20.656260717	0.2075067055153721	nan	nan	nan	372.06475846312	96.19988093750396	202.729277594047
129.7668634548694	-52.0482628115154	2.9405	0.091	-13.712	0.189	10.24	0.192	nan	nan	17.1365	0.0059	18.6656	0.0227	15.8822	0.0055	18.394121174000002	0.02213542031295169	nan	nan	nan	337.340733337782	10.135078470898009	10.771131146522976
129.9223050794501	-53.0676035890358	2.9627	0.1469	-12.448	0.332	10.114	0.378	nan	nan	17.3212	0.0045	nan	nan	nan	nan	nan	nan	nan	nan	nan	335.751787871523	16.179722754566967	17.87455725784099
130.1055607269407	-52.0131291770813	2.8993	0.3959	-12.859	0.802	9.906	0.794	nan	nan	19.5093	0.0049	20.957	0.1232	18.0862	0.0266	20.683345788	0.12013537638064062	nan	nan	nan	353.711735335466	46.90288003437399	63.67914953849396
130.1108636137216	-52.4455137164707	2.9563	0.1971	-12.667	0.36	10.739	0.469	nan	nan	18.8417	0.0164	20.7377	0.1438	17.5086	0.0125	20.455127701	0.1402211631650328	nan	nan	nan	337.696543229892	21.64334130508098	24.770243363720056
130.1356735076981	-51.7940588583616	2.9775	0.2937	-13.354	0.548	10.366	0.586	nan	nan	19.1769	0.0031	20.5654	0.1575	17.8241	0.0201	20.294969043	0.15358063984797743	nan	nan	nan	338.636401063262	32.02289059688201	39.38065823325303
130.2459504809781	-52.2027028945504	2.9293	0.3099	-13.546	0.638	9.921	0.697	nan	nan	19.3543	0.0015	20.7622	0.2489	17.9398	0.0291	20.489750463999997	0.2427059597526316	nan	nan	nan	345.107990551394	34.88723580879497	43.60310630325404
130.3777728723903	-51.900903099468	2.9123	0.3223	-11.55	0.643	9.377	0.705	nan	nan	19.6134	0.0029	20.3692	0.2678	18.1069	0.0285	20.110691352999996	0.2611354214840587	nan	nan	nan	347.786220297169	37.214761125314	47.21241828934899
131.121079176063	-51.8077855418909	2.9697	0.0258	-11.963	0.048	9.722	0.042	nan	nan	12.2441	0.0004	12.6407	0.0042	11.6983	0.003	12.415043664	0.004096142649169338	nan	nan	nan	333.519256684774	2.8710031180789883	2.920392703380003
131.1859920922257	-52.7042193488978	2.8823	0.2609	-12.752	0.486	11.238	0.444	nan	nan	19.2991	0.0016	21.0913	0.1683	17.8534	0.0219	20.808508669	0.1641119182511875	nan	nan	nan	348.687627403803	30.369802243707	36.675814600208014
131.1965823751074	-52.88596533866	3.0157	0.0518	-13.649	0.116	9.977	0.107	nan	nan	16.2551	0.0015	17.4906	0.0145	15.1422	0.0039	17.229948324	0.014139428213264709	nan	nan	nan	328.612644837378	5.5445944984920175	5.7347143605269935
131.2089774545741	-52.5718716824548	3.0896	0.8033	-11.949	1.607	9.543	1.421	nan	nan	20.4567	0.0031	21.385	0.1998	18.828	0.0423	21.11915627	0.19482982277725835	nan	nan	nan	372.999528344399	164.11097663194099	1804.7066192208208
131.3930457727486	-52.8481687739497	3.137	0.6954	-12.262	1.134	9.866	0.904	nan	nan	16.8583	0.0017	17.0201	0.011	15.721	0.0057	16.785565401	0.010727148218992268	nan	nan	nan	350.137987193128	99.84515999443101	238.83561625174394
128.1484696292175	-53.8456133942712	2.9583	0.1788	-11.284	0.362	10.431	0.346	nan	nan	18.4875	0.0011	20.1448	0.0617	17.2031	0.0131	19.869381087	0.06016517052822047	nan	nan	nan	336.95918894643	19.65371731499198	22.203256073568014
