#ra	dec	p	perr	pra	praerr	pdec	pdecerr	rv	rverr	G	Gerr	B	Berr	R	Rerr	V	Verr	spt	spterr	binaryflag	d	dm	dp
126.6968420533195	-51.0023069897896	3.1168	0.0612	-12.875	0.123	3.318	0.129	nan	nan	16.522272	0.00265140567485646	17.908497	0.011522136206233083	15.329494	0.004589911651422469	17.642105615330003	0.011235931041411833	nan	nan	nan	318.110043031409	6.127552866637018	6.368600426657963
127.1059633270868	-50.7380795418775	2.8504	0.1158	-12.209	0.197	2.787	0.186	nan	nan	17.752893	0.0023971239525732604	19.432444	0.042928195150441606	16.459688	0.006676511942076393	19.156252103159996	0.04186004222665488	nan	nan	nan	348.323481662375	13.628283456927022	14.76402631935099
126.97699497798	-50.9071155328643	3.2067	0.0539	-13.505	0.093	3.446	0.095	nan	nan	16.336182	0.0027224334172830512	17.768946	0.013817030559958685	15.147265	0.005211376596375111	17.50149235991	0.013473749045496091	nan	nan	nan	309.210080593965	5.111464080497001	5.283059010026989
126.9523123770847	-51.3952004409964	3.2299	0.0969	-13.474	0.194	3.294	0.183	nan	nan	17.724188	0.0021451091802376704	19.351408	0.029108958938427923	16.42672	0.006471430038569277	19.076412515679998	0.028384893971852634	nan	nan	nan	307.348749055004	8.96462461813502	9.509799262699971
127.0429288870192	-51.130825202993	3.1292	0.0627	-13.461	0.133	3.453	0.127	nan	nan	16.860159	0.0021859262142693192	18.411568	0.01690264606518261	15.615102	0.004010803840779079	18.139763961259998	0.016482241527037176	nan	nan	nan	316.865268083828	6.223923332779009	6.4737855935709945
125.1184772546257	-51.4958795511511	3.2181	0.1922	-13.241	0.281	3.681	0.653	nan	nan	12.274539	0.011628763213786763	nan	nan	nan	nan	nan	nan	nan	nan	nan	309.962337332238	17.888664226169	20.181622774918992
125.6722923991944	-50.4959607602129	3.2406	0.0991	-12.354	0.193	3.334	0.193	nan	nan	17.75586	0.0025295270755467426	19.380657	0.03667911591863057	16.468397	0.0065202546637384414	19.1059708486	0.03576654091529845	nan	nan	nan	306.369876297773	9.108912748185958	9.674251864276016
126.2494372386451	-51.0844857991153	3.1576	0.1104	-13.381	0.213	3.478	0.201	nan	nan	17.653688	0.002279010417062194	19.327862	0.03904556870850024	16.368055	0.004467048166087127	19.05199240377	0.03807388684679872	nan	nan	nan	314.503109091991	10.649846093121027	11.409315140023011
125.4512057580873	-51.0647641030853	3.3048	0.0174	-13.666	0.034	3.328	0.032	nan	nan	14.26559	0.0024427476401768563	15.049851	0.006763935687511788	13.40114	0.004552034134059226	14.806614583210001	0.006596554401876911	nan	nan	nan	299.974764959298	1.56704667899902	1.58329581477102
125.1702003731222	-50.946236821455	2.8394	0.3971	-12.615	0.935	2.517	0.794	nan	nan	16.720243	0.006171078635122053	17.40603	0.006277424190519813	15.707484	0.0032838767827116115	17.16155319006	0.006121724783703215	nan	nan	nan	361.555020154448	49.661308052789025	68.30555546546697
126.3646335045586	-50.8004503593251	3.3353	0.1444	-13.159	0.446	3.525	0.312	nan	nan	17.613047	0.0035321748726627722	17.651453	0.12644832963172917	15.979569	0.038355111453570456	17.40763980724	0.12330472637630811	nan	nan	nan	298.258773577745	12.432174566206015	13.542187231486025
127.0443517906557	-50.4216473578582	3.3185	0.4834	-12.619	0.819	3.659	0.785	nan	nan	16.390722	0.005263777068107601	16.810543	0.004439286054390743	15.414412	0.003975992578582294	16.573593299409996	0.004329923289207391	nan	nan	nan	311.169927194032	44.57374588169705	62.36171632993097
126.3507550793241	-50.8987837486773	3.2242	0.0835	-13.539	0.17	3.372	0.177	nan	nan	17.163347	0.0022129371500001446	18.631742	0.021970702659791234	15.932445	0.0054749950711049334	18.36235649767	0.021424285267002435	nan	nan	nan	307.764606418202	7.7739653354539655	8.180026256328006
126.4601542707958	-50.2630335526522	3.2473	0.1134	-12.622	0.211	3.249	0.198	nan	nan	17.631552	0.0023378109116514523	19.24898	0.02776742149393466	16.351658	0.006142809555592761	18.97466565542	0.02707672205230156	nan	nan	nan	305.898599484534	10.34264431569295	11.079006104022028
126.3208644306731	-50.1091991226404	3.1476	0.1365	-12.832	0.233	3.316	0.262	nan	nan	17.934692	0.0026360401629782156	19.605898	0.04951665386807964	16.5935	0.007876674349032782	19.328719413779996	0.04828458236779861	nan	nan	nan	315.872196653302	13.178893792617998	14.356786254771976
126.7864941214497	-50.2556913436804	3.2166	0.0728	-12.792	0.137	3.331	0.141	nan	nan	16.996037	0.0022250345826955314	18.538952	0.015678705954605226	15.768951	0.004772307176201812	18.267806675109995	0.0152889243937894	nan	nan	nan	308.391091812722	6.827670975957972	7.138226736213028
126.5785337054414	-50.1201170103433	3.1295	0.0297	-12.9	0.06	3.078	0.06	nan	nan	15.63289	0.0020154079966176403	16.731497	0.006665250662045912	14.585261	0.0031900871464403584	16.47587718596	0.006499837569552873	nan	nan	nan	316.655774321296	2.969539713703	3.0252777448980055
128.0546126319063	-50.6879074539415	3.2043	0.0915	-13.478	0.183	2.872	0.192	nan	nan	17.2396	0.0020793602808726634	18.828653	0.023900527912877494	15.99283	0.004105849680099981	18.555869365529997	0.023305867832282407	nan	nan	nan	309.734278251377	8.608350483755999	9.105734419204964
128.703530528905	-49.4763335997903	3.1208	0.0891	-13.615	0.147	3.321	0.239	nan	nan	16.648287	0.003187422398586349	17.691265	0.06453447751667742	15.276969	0.02493236392526178	17.42897317256	0.0629312741551202	nan	nan	nan	317.943866458547	8.831254933056982	9.341192001061984
127.5508679891785	-50.0836788273815	3.1895	0.3135	-13.104	0.525	3.06	0.665	nan	nan	17.393288	0.006082252169996665	18.671972	0.026114272548381653	15.716207	0.005872147331219726	18.39620300915	0.025464707753074425	nan	nan	nan	316.321733542363	29.829783872891994	36.66066661471598
124.4017667554238	-52.9427411142582	3.1533	0.1659	-12.982	0.354	4.077	0.315	nan	nan	16.646004	0.0027800121852777637	18.146961	0.012171346851961704	15.392096	0.0038157478340287276	17.876192410149997	0.01186878202560703	nan	nan	nan	315.782903845535	16.121457446764964	17.92178391955605
124.760146070959	-51.8469849664154	2.9872	0.0649	-12.156	0.123	3.743	0.16	nan	nan	16.603907	0.0024637165778629527	17.954447	0.011208536630821874	15.449224	0.004770721872043157	17.689891999529998	0.010930201173297559	nan	nan	nan	331.817483930092	7.053465094350997	7.360931114602977
127.8523508078238	-53.4196843816403	3.3246	0.067	-12.703	0.153	3.833	0.128	nan	nan	16.714191	0.002170789628767611	18.401299	0.019992437703165243	15.438434	0.0034093651758786993	18.125353290150002	0.0194950106196006	nan	nan	nan	298.403369391123	5.895130083751042	6.133215070522965
127.2369892391578	-53.3650203179349	3.258	0.0599	-13.685	0.11	3.56	0.126	nan	nan	16.744247	0.0021539088349503874	18.26106	0.013412369148591348	15.533274	0.004135446719465392	17.99096540646	0.01307894032133119	nan	nan	nan	304.411892612584	5.490604346163991	5.692342137716992
127.2006211345175	-49.4106034059732	3.2856	0.1418	-13.107	0.252	3.626	0.213	nan	nan	17.906063	0.002591101677494928	19.496141	0.07176430445980274	16.558922	0.00976804527732495	19.22083361909	0.06997851327104572	nan	nan	nan	302.720907814287	12.578854629575005	13.698149264584004
127.4192358181932	-53.1595529203119	3.2037	0.0868	-12.797	0.189	3.504	0.193	nan	nan	17.326426	0.0026510343264325633	19.051535	0.038696055044068735	15.997571	0.005566885675198837	18.77332183604	0.03773316463726069	nan	nan	nan	309.743690853633	8.178677521498969	8.626318575986033
128.2995179260614	-52.2894734293836	3.1438	0.0442	-13.362	0.087	3.014	0.104	nan	nan	15.855126	0.0021627084694889223	17.28965	0.011447459284336712	14.665411	0.0041685711828863044	17.02213269129	0.011163014217128658	nan	nan	nan	315.293660267151	4.371886438626973	4.494327414097995
127.6569995452772	-52.2157814050885	3.279	0.0738	-13.52	0.155	3.165	0.138	nan	nan	16.616188	0.0021228037746539867	18.228268	0.02205157188704085	15.358503	0.005758289203743467	17.954639549150002	0.02150318591164545	nan	nan	nan	302.573305382417	6.663650425621029	6.9650792789360025
128.4152488150465	-52.0308545512806	3.2063	0.0447	-13.54	0.09	3.028	0.099	nan	nan	16.029272	0.002079462373440766	17.29242	0.008392045135538425	14.901687	0.003405200997105629	17.03071465563	0.00818360603883811	nan	nan	nan	309.197407561402	4.24853975567396	4.3664189784710175
128.2653460903989	-51.8053939598633	3.1781	0.0756	-12.649	0.144	3.188	0.182	nan	nan	17.29103	0.0023503647972972835	18.874683	0.024406774965149494	16.041075	0.0052805072329809525	18.60195449688	0.02379965325030091	nan	nan	nan	312.127981105389	7.254094348178967	7.601251152066027
127.8478421527113	-51.8384372587282	3.2597	0.0312	-13.299	0.065	3.33	0.058	nan	nan	15.417169	0.0022090857210347206	16.499645	0.006438863852706827	14.376355	0.00371044196610877	16.2445963119	0.006279279711184758	nan	nan	nan	304.121021511953	2.8832822071490227	2.9380063220179977
128.0367171326248	-51.5198389436791	3.3048	0.061	-13.023	0.117	3.683	0.111	nan	nan	13.402093	0.00271633242587253	14.005038	0.007765777296993649	12.660107	0.007173669278183925	13.769362667410002	0.0075745918650336475	nan	nan	nan	300.144016140283	5.44035578552996	5.641272401381002
128.067710790235	-51.8016785308194	3.1829	0.0303	-13.372	0.061	3.214	0.059	nan	nan	15.449256	0.002256497160920506	16.561916	0.007507320440692269	14.400284	0.004451484685571693	16.30591297952	0.0073213016636141685	nan	nan	nan	311.398026000694	2.933425320968013	2.988738944033969
129.1073921705602	-52.3093646980941	2.8498	0.1266	-12.665	0.217	2.532	0.251	nan	nan	17.650084	0.002311988227994588	19.280499	0.03939559947853571	16.36439	0.004897921873526839	19.00571704699	0.038415236445200486	nan	nan	nan	348.598985836033	14.874873517111041	16.23736177087096
129.4236416981459	-51.8095967313144	3.1847	0.0707	-13.242	0.136	2.607	0.16	nan	nan	17.125425	0.0022148453017991204	18.64678	0.024985241308614615	15.884782	0.003973267606040542	18.37583386978	0.0243635593658965	nan	nan	nan	311.442599392268	6.765943935265	7.06766166627898
128.2888482241971	-51.4454915820245	3.1679	0.113	-13.512	0.233	2.549	0.233	nan	nan	17.438538	0.002267792650347072	18.998123	0.025179648050668267	16.17577	0.005954865751911078	18.72567463383	0.02455337397004418	nan	nan	nan	313.523692073015	10.823435629458004	11.611439282028982
128.3599677017465	-51.2284251814524	2.8256	0.0953	-12.571	0.156	2.813	0.183	nan	nan	16.96816	0.002147269395418571	18.717602	0.01826812459787117	15.659371	0.0035669109108610046	18.43928263041	0.017813652211739826	nan	nan	nan	351.020673691197	11.461917091611951	12.248055557630039
126.1630162716976	-52.2530096293012	3.3267	0.0823	-13.395	0.172	3.533	0.137	nan	nan	17.094263	0.0025161587019629696	17.940453	0.08705435932840998	15.720896	0.01462378999071724	17.68300822627	0.08488835668212151	nan	nan	nan	298.325035952676	7.206347442413971	7.565484475445032
125.6894365278248	-52.3785030116142	2.8814	0.1337	-12.321	0.441	3.278	0.696	nan	nan	16.202038	0.00512506157372884	nan	nan	nan	nan	nan	nan	nan	nan	nan	344.911129644912	15.343466954267	16.81443103238695
126.3669985322209	-52.0224660738001	3.2357	0.0697	-13.442	0.139	3.52	0.125	nan	nan	16.746803	0.002435405549344856	18.204319	0.012235241974363544	15.545692	0.004220997814186416	17.93594577397	0.011931169369488157	nan	nan	nan	306.560384009127	6.465557187520005	6.7450970186819745
127.0431708342137	-51.6823621635288	3.2102	0.1115	-13.574	0.205	3.154	0.188	nan	nan	17.746624	0.0025101134058331687	19.333261	0.04754236186583606	16.44924	0.006751597753345905	19.05927771731	0.04635933705601128	nan	nan	nan	309.391974152155	10.408478634297978	11.145551413321016
127.5048495463785	-51.6574406006634	3.1579	0.0958	-13.274	0.181	3.287	0.16	nan	nan	17.155157	0.002518071799104112	18.682444	0.027776867312742974	15.907897	0.005405292594202811	18.41118552517	0.027085835217782368	nan	nan	nan	314.302817639402	9.263844814669028	9.83350868652201
126.101188236959	-51.8017389957144	3.2659	0.1074	-13.353	0.242	3.879	0.193	nan	nan	17.824003	0.002705812675021493	19.544878	0.06888690417212598	16.521973	0.006046060236722618	19.26743789455	0.06717247769480826	nan	nan	nan	304.096764406655	9.703073090669989	10.35236165611002
129.4489250955868	-53.1394774039156	3.139	0.1162	-12.664	0.235	3.284	0.235	nan	nan	17.456505	0.0024353849288621236	19.215813	0.029735538052643812	16.142748	0.006290262028418821	18.937124412150002	0.028995843203161623	nan	nan	nan	316.445933174108	11.319728024115989	12.175997358331017
130.3863352280522	-52.3056526045625	3.1124	0.04	-13.35	0.085	1.672	0.076	nan	nan	14.206331	0.003833383192074044	14.693822	0.02117761013657823	13.199928	0.024280058697885527	14.454438978340002	0.02065934030541024	nan	nan	nan	326.227956148589	5.12641610595	5.289739397043036
130.602983194687	-52.168563060058	3.0168	0.0322	-12.804	0.061	2.24	0.063	nan	nan	15.688183	0.0024049222332045606	16.748623	0.012482299733736602	14.651536	0.00493270858727951	16.494226504569998	0.012172234494082829	nan	nan	nan	328.391116832906	3.462293608362984	3.535528280313031
124.8024727731194	-50.2375353503841	3.316	0.0635	-13.649	0.129	3.731	0.119	nan	nan	16.625225	0.0022784326162132006	18.190989	0.019770711274896217	15.405172	0.005797150121852386	17.919450014869998	0.019279158237874326	nan	nan	nan	299.155812755439	5.619260109786012	5.83460712089402
126.299456387459	-49.4360790401926	3.0415	0.0627	-13.537	0.108	3.186	0.116	nan	nan	16.46648	0.0030000355793354653	17.839066	0.018102914555579067	15.287643	0.006101505558541946	17.57336108153	0.017652986268689407	nan	nan	nan	325.933641974911	6.579692277936999	6.851472490670005
125.9676993379129	-49.3273649486652	3.2053	0.1401	-12.284	0.246	3.225	0.318	nan	nan	17.929253	0.0026672786376560355	19.469025	0.0642668068002643	16.62593	0.008991645650733003	19.19606036545	0.06266760560750109	nan	nan	nan	310.256506779519	13.043318678516982	14.218817059165985
124.876968854864	-49.1503016972083	3.3473	0.1187	-12.802	0.194	3.402	0.214	nan	nan	16.493769	0.0035564997265625487	16.88121	0.2024802065315028	14.987835	0.03134250646947949	16.63188389625	0.19744201535674258	nan	nan	nan	296.864622585321	10.193156455663996	10.930988341295006
126.4381742514512	-49.379534707186	3.1846	0.0293	-13.441	0.053	3.398	0.05	nan	nan	15.118219	0.002623157672268258	16.10397	0.00780624641890398	14.12697	0.005047960194971794	15.85256247	0.0076129858200425825	nan	nan	nan	311.223022633378	2.8332308773959767	2.884826589875047
126.4427802365442	-49.3800258689553	3.191	0.0514	-13.658	0.091	3.655	0.084	nan	nan	16.006773	0.002293230109352569	17.300623	0.009592875994058114	14.869408	0.003911534748278984	17.037910058650002	0.00935461595115646	nan	nan	nan	310.708324463715	4.922316131935986	5.08045611222002
127.8199712659015	-48.6764656488744	3.2908	0.0863	-12.224	0.179	2.912	0.236	nan	nan	17.004116	0.0037021707876776313	18.53287	0.04742277959636298	15.713495	0.006987741557644973	18.26049575625	0.04624275369019484	nan	nan	nan	301.600114342952	7.713771884080984	8.12201256486901
127.0180032809035	-51.2354194972461	3.3033	0.0414	-13.787	0.078	3.144	0.075	nan	nan	8.1185	0.0006	8.1068	0.0012	8.1687	0.0015	7.906140691	0.0011707274660009478	B9V	1.0	nan	300.18039776188	3.712998017818961	3.805478807021018
126.7562237897517	-50.058886219798	3.0362	0.0316	-13.132	0.064	2.943	0.062	nan	nan	9.1398	0.0003	9.1752	0.0012	9.1012	0.0018	8.971158140000002	0.0011709893751131989	A1V	1.0	nan	326.309382035824	3.3529387405799866	3.422021100827976
128.2163596704885	-52.548031766651	2.9636	0.0343	-12.136	0.06	2.997	0.06	nan	nan	9.2433	0.0003	9.2771	0.0018	9.2094	0.0027	9.073214947000002	0.0017564840626697988	A1V	1.0	nan	334.235864047499	3.821007723213995	3.90880118191302
129.0386007054979	-53.4783725047662	3.0433	0.0309	-13.392	0.06	3.131	0.055	nan	nan	9.4345	0.0004	9.4893	0.0014	9.3687	0.0014	9.284098266	0.0013655986553273989	A0.5V	1.0	nan	325.546578202441	3.2664087846300163	3.3320931246040004
124.3078842026159	-51.6999539180225	3.3103	0.0255	-13.349	0.049	4.003	0.047	nan	nan	9.5197	0.0004	9.5926	0.0012	9.4234	0.0013	9.386188612	0.0011705792894430517	A2V	1.0	nan	299.497125728731	2.2910855560910477	2.326043343981951
126.7599505844181	-50.3740550598589	3.0217	0.0333	-12.725	0.066	3.24	0.051	8.972846809871616	3.0956803992528905	10.0851	0.0004	10.2039	0.001	9.9093	0.0014	9.994367406000002	0.0009757324201931593	A5V	1.0	nan	327.861487984653	3.5699876416960024	3.648029188991984
127.3714175812409	-50.9382275072617	3.1083	0.024	-13.114	0.043	3.155	0.045	nan	nan	10.1909	0.0004	10.3515	0.0009	9.9456	0.0014	10.139197149000001	0.0008782905262593924	A3V	1.0	nan	318.783525489162	2.441820809142996	2.479128204076005
126.608430339836	-50.8927644128288	3.0968	0.0307	-13.357	0.057	3.364	0.051	4.247765337744951	1.6621282626223524	10.439	0.0007	10.6233	0.0018	10.15	0.0013	10.409319563	0.0017554962246194093	A6V	1.0	SB1?	319.97531471028	3.135308850488002	3.1968509801620257
126.4909589481009	-51.2972847617922	3.2222	0.0249	-13.377	0.045	3.501	0.048	11.173231074102167	3.990703957101416	10.639	0.0004	10.8613	0.0011	10.2931	0.0006	10.644957502	0.0010727249572919427	F2V	1.0	nan	307.610305085388	2.3586048281840135	2.394677590863978
127.0413848161412	-49.248922635273	3.0496	0.0282	-12.942	0.054	2.833	0.054	12.710571441375993	6.166328827921975	10.9072	0.0003	11.143	0.0007	10.5453	0.0007	10.925923247000002	0.0006827993276636994	F2V	1.0	nan	324.876658381484	2.977104890081989	3.0316861410310025
126.0662119432714	-49.703195713476	3.0856	0.0266	-12.689	0.047	3.181	0.052	10.396119687962337	1.078806624014133	11.2521	0.0006	11.514	0.0017	10.8526	0.0008	11.295337754	0.001657806586340216	F6V	1.0	nan	321.112355442573	2.736029162172997	2.7826088947330163
129.0788311868523	-52.534408739442	3.1297	0.022	-12.625	0.044	3.41	0.042	10.981626989696519	0.26896036407855994	11.4733	0.0004	11.7649	0.0018	11.0367	0.0012	11.544575102000001	0.0017554521117444362	F7V	1.0	nan	316.617728880863	2.210862793065985	2.2416140801699953
127.4875697136362	-51.4135308812477	3.0532	0.0239	-12.735	0.044	3.176	0.041	10.074193756267244	0.23613188838248358	11.7326	0.0004	12.0298	0.0015	11.2902	0.0012	11.809191356000001	0.0014629699243829315	F7V	1.0	nan	324.480595581613	2.5116808393419774	2.550466712635
127.5792797277086	-51.025435755086	3.0918	0.0264	-13.424	0.046	3.039	0.043	11.981787482841906	1.9927248144439382	11.7059	0.002	12.0368	0.0072	11.2284	0.0056	11.814478924000001	0.007022175461117446	G0V	2.0	nan	320.475616852649	2.7086939478249974	2.7544320217970153
127.5683143539369	-51.8879984794615	3.2181	0.0301	-13.607	0.054	3.268	0.049	10.229767613584743	0.31455688191592857	11.93	0.0017	12.2621	0.0058	11.4502	0.0044	12.039691809000002	0.005656698236719014	F7V	1.0	nan	308.01153416535	2.8544805096419736	2.907416570369037
127.8642067797493	-51.4850366593871	3.1737	0.0237	-13.294	0.043	3.079	0.043	10.311979692807745	0.2209253798761273	12.0437	0.0006	12.3654	0.0022	11.5744	0.0016	12.14351201	0.0021456116119978473	G3V	1.0	nan	312.26998686168	2.3149715984360455	2.3491860921039915
127.0792259730707	-52.4429505232975	3.1906	0.0216	-13.01	0.043	3.339	0.041	10.391760497212463	0.12185611574377198	12.3527	0.0007	12.7182	0.0022	11.8416	0.0019	12.494181425999999	0.0021457631922570117	G6V	1.0	nan	310.618603091532	2.0885047145770272	2.1164618941239723
127.5770405390929	-51.026244837032	3.1081	0.0254	-13.306	0.046	3.199	0.043	13.303637200283427	1.828488311187526	12.4666	0.0016	12.8423	0.0055	11.9333	0.0043	12.617474990000002	0.005364172817849365	G9V	1.0	nan	318.807549279422	2.576649671224004	2.618222818283982
128.8178358618125	-51.9379537741344	3.0603	0.0237	-12.714	0.05	2.923	0.045	23.732751647842374	7.616576897054144	12.4601	0.0024	12.9412	0.0089	11.844	0.0068	12.711690692000001	0.008680129261303945	G9V	2.0	SB1?	323.734705962584	2.478718597174975	2.516573806722022
126.2599755331533	-49.7989959261152	3.0396	0.0265	-12.89	0.046	3.119	0.048	18.425403428167375	0.3117969828128019	12.5773	0.0018	12.9778	0.0058	12.013	0.0048	12.751586128000001	0.005656899746842612	K0V	1.0	SB1?	325.931057269782	2.8172152669679917	2.8658822177640104
127.3424739980438	-50.8435927198503	3.2374	0.0251	-12.548	0.046	3.372	0.047	nan	nan	12.5398	0.0036	13.033	0.0121	11.9036	0.0098	12.802689234	0.011801352079683287	K2V	2.0	nan	306.177804407463	2.3495419043470065	2.3855059241420236
125.3567551760812	-51.8474395789638	2.911	0.0244	-13.228	0.044	4.001	0.041	52.372125095904586	0.35384932320093077	12.741	0.0006	13.1433	0.0022	12.1839	0.0015	12.917220534	0.0021455668576833026	G7V	1.0	SB1	340.181102813447	2.819996987096033	2.8666841609889957
125.6280015526593	-49.4388531916454	3.0206	0.0173	-12.162	0.031	3.752	0.028	8.511699058940108	0.2948578720928999	13.0486	0.0005	13.4796	0.0014	12.4642	0.0008	13.252126694	0.001365299209499515	K1V	1.0	nan	327.929503113138	1.8596319234100065	1.8805832287559952
129.4406473135213	-49.9101951318723	3.0889	0.017	-13.36	0.028	2.387	0.028	10.30371027535666	0.2585757121222622	13.1141	0.0022	13.5936	0.0078	12.4763	0.0063	13.363590403000002	0.00760747424257309	K2V	1.0	nan	320.742861760891	1.7525109976600106	1.7715271681099694
127.0247989854911	-49.9651672628266	3.062	0.0159	-12.913	0.031	2.989	0.029	5.638865424751887	1.6589263476446223	13.3337	0.0023	13.8719	0.0076	12.6513	0.0056	13.639319266000001	0.007412146660607305	K3.5	1.5	nan	323.540145379145	1.6709213551099538	1.688048445446043
124.9749263341976	-49.7231573692101	2.9298	0.0591	-12.324	0.12	3.764	0.105	nan	nan	16.6299	0.0163	18.046	0.0164	15.4409	0.0055	17.778959061	0.015992389921942282	nan	nan	nan	338.219504926366	6.678662490822035	6.948261568578971
125.2940037260864	-49.5646440449923	2.8893	0.1356	-12.274	0.224	3.239	0.197	nan	nan	17.6958	0.0014	19.4146	0.0394	16.4142	0.0056	19.137720044	0.038419586839306484	nan	nan	nan	344.018624598758	15.475029707356953	16.97694647412601
125.4275027523239	-49.0656638633428	2.9861	0.0971	-12.182	0.175	3.431	0.163	nan	nan	17.4149	0.0008	18.9813	0.0332	16.1561	0.0048	18.708780772	0.03237387244949062	nan	nan	nan	332.290725434233	10.475462298143043	11.167458569313965
125.4637856257846	-49.8266787139071	3.0273	0.0206	-12.612	0.04	3.41	0.035	nan	nan	14.5679	0.0005	15.3527	0.0044	13.7059	0.0032	15.109511148000001	0.004291223223995695	nan	nan	nan	327.218340992753	2.2054315705680096	2.2350262401450323
125.6833667442164	-49.787712786733	2.9123	0.1013	-12.327	0.177	3.181	0.156	nan	nan	17.5059	0.0105	19.034	0.0378	16.2482	0.005	18.762461438	0.03685936809376233	nan	nan	nan	340.722529165032	11.470558620622967	12.28344144536402
125.6957384373869	-49.7440088407631	3.077	0.0599	-12.602	0.113	3.728	0.104	nan	nan	16.2067	0.0019	17.5148	0.0097	15.0642	0.0023	17.251604565999997	0.009458740239191372	nan	nan	nan	322.181701459098	6.144240883000009	6.3834456719760055
125.8652036134918	-50.1786240020503	2.932	0.1086	-12.53	0.199	3.217	0.215	nan	nan	17.7716	0.0042	19.3907	0.0401	16.4826	0.0045	19.116117391	0.039102071415360415	nan	nan	nan	338.560544886347	12.116465928352966	13.033441443797017
125.8795978761665	-49.469793431235	2.9866	0.021	-12.519	0.039	3.357	0.038	nan	nan	14.4994	0.0016	15.2528	0.0105	13.6454	0.0107	15.010591814000001	0.01024211814759789	nan	nan	nan	331.633008683143	2.3147859843019774	2.3469697040590063
125.896250217738	-49.6820294056737	2.9838	0.0832	-12.825	0.159	3.164	0.171	nan	nan	17.3913	0.0015	18.9034	0.0357	16.1334	0.006	18.6322547	0.03481174733063437	nan	nan	nan	332.379217642399	9.022062656400976	9.530479371571005
125.9805982923489	-50.6725108116875	3.0738	0.072	-12.324	0.143	3.347	0.14	nan	nan	16.7912	0.011	18.2906	0.0185	15.5634	0.0107	18.020519992	0.01804150079557003	nan	nan	nan	322.608258936667	7.383780174649019	7.731517718218981
126.0449261729736	-49.9456896227414	2.8907	0.1116	-12.104	0.19	2.825	0.233	nan	nan	17.0887	0.0018	18.8517	0.0229	15.7672	0.0033	18.572726795	0.022330170062655814	nan	nan	nan	343.418604512215	12.786743162612993	13.796680639703993
126.2342692638962	-50.3175309631801	3.0842	0.0223	-12.7	0.045	3.275	0.048	nan	nan	14.6531	0.0015	15.4777	0.0063	13.7691	0.0048	15.232972946000002	0.0061443546279518245	nan	nan	nan	321.240019908995	2.3049100252929975	2.3378649322289675
126.3425486336637	-48.8963732696061	3.0412	0.0623	-12.442	0.105	2.767	0.102	nan	nan	16.3253	0.0017	17.5753	0.0127	15.1833	0.004	17.313563119999998	0.012384297198477152	nan	nan	nan	325.955664205695	6.535076389863946	6.80308860902403
126.352980440516	-49.7301278757218	3.0341	0.1106	-13.048	0.196	2.964	0.202	nan	nan	17.6458	0.0016	19.2717	0.023	16.3197	0.0057	18.99602472	0.022427978728566444	nan	nan	nan	327.251519381661	11.53614262171601	12.395126787094966
126.4298586402265	-49.9099147501329	2.9453	0.075	-12.297	0.133	3.049	0.156	nan	nan	16.9757	0.002	18.4841	0.0165	15.7384	0.0058	18.213559527	0.016089962633774792	nan	nan	nan	336.603130136856	8.352069978390034	8.780209328441003
126.4354077864777	-50.2126562819826	2.9943	0.0965	-12.711	0.177	2.787	0.186	nan	nan	17.4281	0.0017	18.9972	0.0293	16.1405	0.0042	18.723896737	0.028570914247468056	nan	nan	nan	331.382159527986	10.353455666413993	11.030871911912982
126.5127310488326	-49.8346362584902	3.0068	0.0749	-12.788	0.123	2.996	0.127	nan	nan	16.8564	0.001	18.3473	0.0251	15.6356	0.0052	18.077605787	0.024475603212695398	nan	nan	nan	329.773001341723	8.018469709680971	8.42084542560201
126.534500961127	-50.8401826368162	3.0859	0.0956	-12.924	0.184	3.388	0.178	nan	nan	17.3557	0.0013	19.1981	0.0327	16.0207	0.0034	18.916814514	0.031886209298900445	nan	nan	nan	321.596392844777	9.674940105307996	10.28297687010405
126.6251926891401	-50.1982463583673	2.9854	0.1072	-12.711	0.199	3.159	0.186	nan	nan	17.5909	0.0052	19.1887	0.0275	16.3156	0.004	18.914988541	0.026815709821282466	nan	nan	nan	332.517067919878	11.548258626641996	12.394461869123973
126.7429939131817	-50.0549756338628	3.0932	0.0174	-12.865	0.035	3.099	0.031	nan	nan	14.1111	0.0014	14.9017	0.0033	13.2299	0.0024	14.657888898000001	0.003218417417996771	nan	nan	nan	320.307977006319	1.7900798789349892	1.809951970783004
126.7553860524683	-49.6916847505115	3.0855	0.1393	-12.591	0.244	4.047	0.226	nan	nan	17.9847	0.0006	19.3794	0.0661	16.6791	0.0039	19.109989533	0.06445484409601411	nan	nan	nan	322.262622769775	13.974403634065027	15.27721582033297
126.9003602420939	-48.8702276313503	3.1247	0.093	-12.137	0.171	3.191	0.165	nan	nan	17.5189	0.0084	18.8128	0.0219	16.3569	0.004	18.549472649	0.021355141081057766	nan	nan	nan	317.601146804874	9.190873165282028	9.74514521661996
126.9475151015029	-50.0458405245909	3.0662	0.1135	-12.531	0.248	3.296	0.227	nan	nan	17.9315	0.0014	19.6755	0.038	16.6251	0.0054	19.397375544	0.03705442376350273	nan	nan	nan	323.886944743494	11.58977862355897	12.466782615358
127.0663325118912	-50.2537793191727	3.0508	0.1146	-12.963	0.211	3.654	0.192	nan	nan	17.8942	0.001	19.5122	0.0391	16.5962	0.0073	19.23742076	0.03812723394495606	nan	nan	nan	325.524942562598	11.811670541955039	12.718974531979995
127.095405650935	-52.4209626661086	2.9897	0.0872	-12.97	0.176	3.611	0.159	nan	nan	16.6592	0.0094	18.2882	0.0252	15.3826	0.0029	18.013679615999997	0.024572878013385917	nan	nan	nan	331.777015000312	9.405625356194037	9.960598889077005
127.1368679057204	-51.0112484544752	3.031	0.1069	-12.975	0.231	2.964	0.208	nan	nan	17.6123	0.0005	19.1728	0.0349	16.3232	0.0059	18.899673456	0.03403165584201161	nan	nan	nan	327.534789934745	11.17643824362699	11.980037309194017
127.1641483329542	-50.760295487354	2.8909	0.0218	-12.152	0.039	3.258	0.036	nan	nan	14.5598	0.0015	15.3361	0.0095	13.6435	0.0073	15.091771186	0.009265326749059314	nan	nan	nan	342.507146788661	2.5557664543849796	2.593790956893997
127.4727190917685	-50.776827308805	2.854	0.1172	-12.391	0.23	2.816	0.214	nan	nan	17.9673	0.0114	19.57	0.049	16.6819	0.0093	19.295915191	0.047780950703744156	nan	nan	nan	347.907384677192	13.75633396687499	14.915953543903015
127.5286954008184	-49.9430064684961	3.0668	0.0455	-13.363	0.078	2.946	0.089	nan	nan	15.9602	0.003	17.1633	0.0058	14.8621	0.0037	16.903823132	0.005656387743754225	nan	nan	nan	323.142830146091	4.716230390949022	4.8554640145890176
127.5751474612548	-51.6510076007628	2.9552	0.0642	-12.253	0.121	2.784	0.107	nan	nan	16.3711	0.0016	17.6762	0.0154	15.2242	0.0046	17.41296972	0.015017130470421837	nan	nan	nan	335.386917563861	7.122704652668006	7.432890957219968
127.6756515318623	-51.195864356694	3.0991	0.0722	-13.627	0.137	3.317	0.12	nan	nan	16.7124	0.0032	18.1729	0.0257	15.4849	0.0055	17.903795679999998	0.025060700899774413	nan	nan	nan	319.996378624068	7.2866050286589825	7.627932167683014
127.6840543680134	-50.8555796382685	2.989	0.1038	-13.146	0.205	3.225	0.196	nan	nan	17.5827	0.0013	19.2852	0.0366	16.2718	0.0059	19.007996474	0.03568932812543377	nan	nan	nan	332.061970629795	11.162830092431989	11.952685353383004
127.694869406097	-51.9620195323246	2.9341	0.1042	-13.078	0.19	2.941	0.227	nan	nan	17.76	0.0006	19.4257	0.0295	16.4832	0.0058	19.150261174999997	0.028766107240849756	nan	nan	nan	338.252582840654	11.614845768214991	12.45560633059199
127.8555530392785	-52.1612406965926	3.0964	0.066	-13.399	0.138	3.149	0.116	nan	nan	16.9779	0.0017	18.6485	0.0182	15.707	0.0034	18.373086064999995	0.017747203767012987	nan	nan	nan	320.220253509563	6.678777102780032	6.964196159227015
128.0462549978898	-52.0522285685217	3.0932	0.0691	-12.784	0.15	3.027	0.151	nan	nan	16.7194	0.0018	18.1876	0.0132	15.5036	0.0078	17.91859524	0.01287291605287893	nan	nan	nan	320.580093824877	7.001519287422013	7.315477823252991
128.5572178463336	-51.1024393854321	2.9584	0.0323	-12.317	0.056	2.882	0.052	nan	nan	15.3249	0.0017	16.2846	0.0072	14.3352	0.0031	16.033879434	0.007021215978628274	nan	nan	nan	334.807244112355	3.6060725471190267	3.684029222282959
127.0779462490563	-52.7108360893288	2.9597	0.1133	-12.781	0.214	3.235	0.232	nan	nan	17.9082	0.0014	19.6895	0.042	16.5593	0.0063	19.409389322	0.04095492019012672	nan	nan	nan	335.46854063345	12.388632969768025	13.358477732023971
127.7090732080592	-52.5203638528659	2.9318	0.2675	-13.229	0.503	2.949	0.534	nan	nan	15.1956	0.0037	16.4868	0.0092	14.0339	0.003	16.223547318999998	0.008971322751581507	nan	nan	nan	342.909635326206	30.09357146885901	36.39938810251499
128.3264662261811	-53.6203839947526	3.0215	0.1026	-12.528	0.234	3.148	0.197	nan	nan	17.5567	0.0011	19.2311	0.0397	16.2959	0.0041	18.955842872	0.03871200150630409	nan	nan	nan	328.491752000047	10.806110635475989	11.553175834865044
128.8560920468496	-52.4213824058328	3.0142	0.0948	-12.781	0.178	3.061	0.185	nan	nan	17.0656	0.0019	18.6354	0.0261	15.8122	0.0049	18.362930552	0.025450663223640403	nan	nan	nan	329.188862336405	10.044986065079001	10.685894203012992
129.4215654824611	-52.4272192760453	3.0609	0.124	-13.322	0.245	2.387	0.286	nan	nan	16.262	0.0023	17.7771	0.0119	15.018	0.0039	17.506226000999998	0.011604215013843979	nan	nan	nan	324.593039208086	12.669560547878973	13.722709399283985
130.3863352287338	-52.3056526050416	3.0378	0.0486	-13.437	0.114	3.067	0.083	nan	nan	15.1476	0.0012	nan	nan	nan	nan	nan	nan	nan	nan	nan	326.227956148589	5.12641610595	5.289739397043036
124.5031083805056	-48.5199667069556	3.1726	0.0376	-12.766	0.063	4.0	0.066	8.733090618924127	4.046845753159657	10.3133	0.0006	10.483	0.0011	10.051	0.001	10.270047520000002	0.001072909745384485	A4V	1.0	nan	312.418978097864	3.6555542883069734	3.7415675435530034
129.413556444784	-52.6703820263282	3.3243	0.0265	-14.328	0.059	3.172	0.048	9.212463116729898	0.7248428725492942	11.0037	0.0003	11.2575	0.0011	10.6174	0.0008	11.039367911000001	0.0010728058059989239	F6V	1.0	nan	298.245020983065	2.3588836040360093	2.3961159533250225
129.2323120089371	-52.9838640529712	3.0234	0.0246	-11.62	0.051	2.624	0.048	8.526710935476238	0.44595582093804564	11.2846	0.0006	11.5402	0.0018	10.8935	0.0009	11.321903637000002	0.0017553409423827044	F4V	1.0	nan	327.647212344672	2.643054127560049	2.6856162173419875
129.6116054124303	-53.9912541040311	3.2008	0.0231	-13.238	0.046	2.925	0.044	9.273236088644603	0.42120242928511753	12.4341	0.0026	12.8047	0.0099	11.9137	0.0073	12.580323010000003	0.009655298772214667	G9V	2.0	nan	309.64871563833	2.219767326108979	2.251476291982044
128.1619470188257	-52.4458476735013	3.349	0.0326	-14.171	0.057	3.339	0.051	9.763042149528331	0.13061003531418125	12.5257	0.0011	12.9503	0.0039	11.92	0.0025	12.722455833000001	0.0038034380407292027	K1V	1.0	nan	296.086651367822	2.8509315243859987	2.905902713469004
127.1484846014912	-51.5070871083761	2.8901	0.0287	-11.891	0.051	3.212	0.049	10.969714932874842	0.20934241487585328	12.5857	0.0009	12.9571	0.003	12.0615	0.0025	12.732608516	0.002925991722395161	G3V	1.0	nan	342.628448031739	3.362004359017021	3.428090896549975
127.1848470644321	-50.8758522054551	2.8856	0.0249	-11.696	0.045	3.18	0.04	9.857343576553316	0.7444629821968833	12.8355	0.0015	13.2455	0.0046	12.2739	0.0034	13.019116876	0.004486304229085675	K0V	1.0	nan	343.149415909744	2.9344434594430027	2.984586127665011
126.1643434775636	-52.2525486556965	3.3113	0.0192	-13.824	0.038	3.695	0.03	10.156345961023037	0.18957155370542944	12.9794	0.0021	13.4705	0.0072	12.3417	0.0055	13.240204168	0.007022126497599498	K1V	1.0	nan	299.395991091048	1.7269065522449978	1.7466996306149554
129.2019778437798	-51.2325975579389	2.8719	0.0178	-11.934	0.031	1.948	0.028	0.4106871834571519	2.294320995906337	13.642	0.0025	14.1688	0.0132	12.9468	0.0077	13.93618442	0.012872878755768384	K2V	2.0	SB1?	344.749296897757	2.1157020610970108	2.141521494054018
124.2655947495344	-50.5327173998736	2.9377	0.0173	-11.65	0.033	3.975	0.034	11.862330293466359	0.6841042415270856	13.6378	0.0029	14.1915	0.0093	12.929	0.008	13.957876375	0.00907070880228932	K2V	1.0	nan	337.094919417577	1.9660193782519855	1.9888070704629968
127.614128121963	-51.1540258462505	3.0999	0.018	-13.141	0.038	2.097	0.029	10.281413724804139	0.29694737291239026	13.638	0.0025	14.2105	0.0088	12.9269	0.0062	13.976351196000001	0.008582355496141373	K3V	1.0	nan	319.616197230443	1.8405734904509927	1.8616350849529795
125.0719112907113	-48.692774992031	3.0607	0.0519	-12.071	0.099	3.449	0.093	nan	nan	16.0909	0.0122	17.5665	0.0083	14.8836	0.0038	17.297522619	0.008093965637639748	nan	nan	nan	323.828352883355	5.396892787518027	5.579601792858966
125.0819408282972	-50.3490226330794	3.1039	0.054	-11.897	0.11	3.841	0.102	nan	nan	16.5134	0.0143	17.7963	0.0123	15.3707	0.0038	17.533726815999998	0.011994225925016297	nan	nan	nan	319.3624549366	5.4562767294219725	5.645802512117996
125.2011677189116	-50.65635880157	3.1228	0.4591	-13.424	0.886	2.011	0.942	nan	nan	20.1557	0.0111	21.322	0.1448	18.6748	0.0238	21.053911192	0.1411971706523014	nan	nan	nan	330.579127310215	47.709358895351954	66.941403212988
125.2482281987855	-49.1199400561345	2.9132	0.1997	-12.733	0.371	3.174	0.342	nan	nan	18.8951	0.0192	20.3332	0.1729	17.4989	0.015	20.060454273	0.1685969323835397	nan	nan	nan	342.781865990237	22.548256906336007	25.904862450945018
125.3606232397996	-49.6473212986517	3.0296	0.0914	-11.96	0.161	3.786	0.16	nan	nan	17.1286	0.0018	18.7628	0.0186	15.867	0.0048	18.488523538	0.018137439487559984	nan	nan	nan	327.48105163662	9.600475289151007	10.187471500152014
125.9568413585816	-50.8281524015982	2.8586	0.1574	-12.57	0.298	3.555	0.309	nan	nan	18.242	0.0125	20.1888	0.0591	16.8431	0.0073	19.903325527	0.05762928743319503	nan	nan	nan	348.195821173592	18.56437855328801	20.740692228569003
126.1129653669639	-49.6889506061856	3.0275	0.2432	-12.047	0.466	3.475	0.538	nan	nan	18.9231	0.002	20.6187	0.1305	17.5114	0.0239	20.339159303000002	0.12725324542992084	nan	nan	nan	331.055751530166	25.36631199359897	29.880545275656004
126.2005971631484	-49.9166847548911	2.9832	0.5139	-13.015	0.692	2.792	1.113	nan	nan	19.5074	0.0123	20.3227	0.1105	17.6504	0.006	20.053986453	0.10774975849186218	nan	nan	nan	351.703713450789	62.16512875413997	96.22939004338599
126.258211498549	-49.9555798058002	3.064	0.0804	-12.133	0.121	3.885	0.151	nan	nan	16.4326	0.0019	17.7066	0.0155	15.125	0.0046	17.440143975999998	0.015114638654564687	nan	nan	nan	323.712728064624	8.280176772299	8.71843860189199
126.3574643521848	-51.6076354949064	2.9988	0.3108	-12.905	0.569	3.965	0.601	nan	nan	19.4139	0.0017	21.113	0.2174	17.965	0.0183	20.83244628	0.21198940333730495	nan	nan	nan	336.847566989066	33.383505977325	41.516055362532995
126.63955548821	-50.2482164284382	3.0285	0.1729	-12.68	0.331	3.902	0.32	nan	nan	18.1646	0.0031	19.5103	0.0608	16.698	0.0189	19.238101853	0.05928855429108207	nan	nan	nan	329.005571671274	18.167123818656023	20.382539833054977
127.3386963114112	-51.7134979711025	2.9246	0.4567	-12.598	0.793	3.957	0.665	nan	nan	19.3847	0.0048	21.0526	0.1475	17.9438	0.023	20.773021968000002	0.14382986427382363	nan	nan	nan	354.679819903163	54.91812920096896	79.45173179813003
127.5029001487547	-52.0130377290899	2.9926	0.0956	-14.269	0.178	3.159	0.178	nan	nan	17.8516	0.0014	19.6017	0.0384	16.5391	0.0071	19.323271886	0.0374446410126621	nan	nan	nan	331.561994718471	10.268901801264008	10.93454930135698
127.5316440825271	-49.8438576134845	3.0759	0.1285	-13.577	0.223	3.756	0.297	nan	nan	18.0392	0.0012	19.7349	0.0409	16.7265	0.0063	19.457820924	0.039882307263638214	nan	nan	nan	323.090339211302	12.995660919089005	14.111763530453004
127.7467262042537	-51.4481357161258	3.0136	0.3227	-12.968	0.627	2.326	0.548	nan	nan	19.2919	0.0048	20.8474	0.1859	17.8617	0.0167	20.570885927	0.1812734255617358	nan	nan	nan	335.714945849615	34.82701494339301	43.819158959378
127.7518199247742	-51.365430868453	3.0175	0.6574	-13.0	1.297	3.075	1.226	nan	nan	20.33	0.0062	21.0945	0.2139	18.8097	0.0255	20.835431328	0.20857699468338273	nan	nan	nan	361.954530882007	96.461209885845	210.67462415775196
127.9663264235461	-51.7337201865058	3.0603	0.4664	-12.938	0.926	3.556	0.828	nan	nan	19.7963	0.0017	21.1175	0.2086	18.3217	0.0234	20.845712538	0.20340877983996758	nan	nan	nan	338.423433282966	51.22574354586004	73.36228135282397
128.48449135762	-50.6774646016065	2.9473	0.1694	-13.017	0.311	3.072	0.348	nan	nan	18.373	0.0024	20.1614	0.1062	16.9724	0.0073	19.87982579	0.10355684139953734	nan	nan	nan	337.996472467114	18.781098041629036	21.087608361220987
127.7105400086493	-52.520436533531	2.909	0.0917	-12.751	0.178	2.193	0.18	nan	nan	15.0775	0.0019	16.0494	0.006	14.0837	0.0019	15.798273727	0.0058508511239204345	nan	nan	nan	340.972296121089	10.421619126249027	11.087709928344964
128.0422778930454	-53.7603760465952	3.0175	0.6124	-12.381	1.183	1.8	1.179	nan	nan	19.503	0.0015	20.6728	0.0764	18.2004	0.0234	20.409061964	0.07450068065858656	nan	nan	nan	356.458920953637	80.81138263347702	149.12417409814998
128.3086497722183	-53.3183891063436	3.1098	0.1604	-12.955	0.323	2.79	0.329	nan	nan	18.2104	0.002	19.7954	0.046	16.8644	0.0045	19.52024741	0.04485519984041566	nan	nan	nan	320.131621893636	16.040402816860023	17.794947436198015
128.4446441116266	-51.9425241686179	3.021	0.1648	-12.778	0.329	2.695	0.395	nan	nan	18.4798	0.0007	20.2929	0.0726	17.1318	0.0101	20.012020220999997	0.07079343234527845	nan	nan	nan	329.640047955076	17.425368333357028	19.44879610377501
128.46326958512	-53.9044556697297	3.1138	0.0976	-12.74	0.204	3.199	0.18	nan	nan	17.0036	0.0018	nan	nan	nan	nan	nan	nan	nan	nan	nan	318.752158582021	9.703797947832015	10.321393924890003
129.1056753396045	-52.3095552433501	3.1009	0.2288	-12.435	0.419	3.445	0.422	nan	nan	18.8891	0.0019	20.5066	0.1189	17.4633	0.0183	20.228652262999997	0.11594147371524312	nan	nan	nan	322.695493270515	22.798675979996005	26.486473524890016
129.1418705864751	-51.2573337965575	2.9547	0.0998	-12.044	0.176	2.712	0.207	nan	nan	17.2313	0.0003	18.7498	0.0233	15.9785	0.0059	18.478622343	0.02272053758035162	nan	nan	nan	335.84534709656	10.98215040670999	11.736548836238
129.2831017356686	-52.4672456908131	3.0613	0.137	-12.387	0.279	2.778	0.329	nan	nan	18.0331	0.0011	19.7662	0.0805	16.6648	0.0083	19.486806154	0.07849662684774802	nan	nan	nan	324.770783567498	13.964022189636978	15.253815292214028
129.4105816403876	-52.4931719760893	3.0657	0.1446	-11.949	0.289	2.408	0.305	nan	nan	18.4704	0.0017	19.791	0.0933	17.076	0.0149	19.52122365	0.09097851888421515	nan	nan	nan	324.437176458245	14.677021328100977	16.110439887739005
129.5411845997748	-53.455187342691	3.1223	0.5111	-13.651	1.19	2.962	0.984	nan	nan	19.8539	0.0003	20.9998	0.1764	18.346	0.0324	20.731546918	0.1720112944066677	nan	nan	nan	334.294063636654	54.932439547865044	81.80290411443997
129.5751076258962	-53.546052625541	2.9847	0.0929	-12.407	0.211	2.533	0.201	nan	nan	17.4566	0.0016	18.326	0.0503	15.972	0.0151	18.065208939999998	0.049049472944395746	nan	nan	nan	332.399555036301	10.04312907447104	10.677206543441969
129.8733526246143	-52.5498189389617	3.0089	0.4043	-12.418	0.75	2.068	0.699	nan	nan	19.8081	0.0016	20.5125	0.215	18.1768	0.0282	20.252164426999997	0.20964982496445095	nan	nan	nan	340.598409415273	44.49251787052202	60.08289059569
130.4778904589677	-51.9570378905374	3.0514	0.153	-11.72	0.274	2.436	0.336	nan	nan	18.2231	0.0015	19.837	0.0914	16.8613	0.0104	19.560734826999997	0.08912542991162317	nan	nan	nan	326.121432533219	15.898632558554993	17.58554762487404
130.5193478778818	-52.5406896833466	2.9996	0.1018	-12.014	0.201	2.123	0.243	nan	nan	17.6356	0.0011	19.1908	0.0493	16.3539	0.0091	18.917989559	0.04807345658012257	nan	nan	nan	330.878959603617	10.878886688541002	11.630570777275011
128.9858396202619	-54.239319179101	2.8732	0.9444	-13.135	1.798	2.695	2.284	nan	nan	20.219	0.0046	19.9191	0.2034	18.2413	0.0922	19.675139557999998	0.19835064985639966	nan	nan	nan	457.53840746369	203.803587872791	3954.4071892980296
